0.00  13.98
1.00  12.61
2.00  15.20
3.00  21.91
4.00  24.93
5.00  22.18
6.00  29.37
7.00  32.24
8.00  36.77
9.00  34.49
10.00  37.02
11.00  42.16
12.00  44.71
13.00  51.62
14.00  48.09
15.00  58.15
16.00  59.91
17.00  64.87
18.00  61.41
19.00  70.31
20.00  67.91
21.00  77.78
22.00  72.38
23.00  80.33
24.00  80.58
25.00  81.26
26.00  87.51
27.00  93.52
28.00  91.29
29.00  92.09
30.00  101.18
31.00  102.95
32.00  106.02
33.00  106.51
34.00  111.88
35.00  115.39
36.00  116.71
37.00  117.77
38.00  125.41
39.00  123.32
40.00  134.78
41.00  132.39
42.00  133.19
43.00  138.10
44.00  140.64
45.00  148.80
46.00  145.56
47.00  154.46
48.00  153.38
49.00  156.61
50.00  161.12
51.00  158.29
52.00  166.01
53.00  167.80
54.00  168.42
55.00  174.43
56.00  179.30
57.00  184.50
58.00  185.44
59.00  187.78
60.00  188.19
61.00  196.51
62.00  194.91
63.00  194.49
64.00  197.32
65.00  202.86
66.00  212.26
67.00  215.02
68.00  218.33
69.00  213.64
70.00  218.79
71.00  227.27
72.00  228.66
73.00  231.18
74.00  232.29
75.00  236.48
76.00  242.48
77.00  239.94
78.00  243.88
79.00  250.03
80.00  254.05
81.00  248.07
82.00  252.04
83.00  262.67
84.00  260.62
85.00  264.76
86.00  269.67
87.00  275.12
88.00  276.11
89.00  279.66
90.00  275.84
91.00  287.69
92.00  288.18
93.00  288.22
94.00  293.27
95.00  290.11
96.00  300.09
97.00  305.80
98.00  307.26
99.00  309.73
100.00  312.74
101.00  316.11
102.00  315.97
103.00  314.47
104.00  317.28
105.00  329.83
106.00  331.35
107.00  328.78
108.00  330.72
109.00  336.58
110.00  337.68
111.00  347.52
112.00  347.43
113.00  345.65
114.00  352.83
115.00  355.04
116.00  360.11
117.00  357.08
118.00  367.47
119.00  363.36
120.00  372.71
121.00  371.56
122.00  380.09
123.00  378.26
124.00  378.75
125.00  381.15
126.00  389.32
127.00  391.60
128.00  394.29
129.00  394.68
130.00  395.52
131.00  407.81
132.00  405.49
133.00  413.07
134.00  411.13
135.00  417.29
136.00  416.66
137.00  425.85
138.00  420.34
139.00  429.77
140.00  432.33
141.00  432.24
142.00  439.47
143.00  435.40
144.00  438.96
145.00  440.34
146.00  446.96
147.00  451.71
148.00  450.43
149.00  460.83
150.00  462.17
151.00  462.51
152.00  463.35
153.00  470.10
154.00  470.69
155.00  472.13
156.00  477.18
157.00  476.83
158.00  488.17
159.00  483.11
160.00  494.84
161.00  493.52
162.00  497.84
163.00  503.30
164.00  499.85
165.00  501.04
166.00  510.34
167.00  512.10
168.00  512.57
169.00  521.88
170.00  519.51
171.00  525.60
172.00  526.44
173.00  525.72
174.00  527.57
175.00  539.27
176.00  540.40
177.00  540.08
178.00  542.11
179.00  551.12
180.00  554.01
181.00  556.12
182.00  559.33
183.00  562.70
184.00  560.99
185.00  566.26
186.00  568.20
187.00  567.76
188.00  576.99
189.00  579.57
190.00  575.57
191.00  586.19
192.00  584.21
193.00  587.73
194.00  592.11
195.00  592.66
196.00  595.94
197.00  597.05
198.00  599.29
199.00  606.09
200.00  609.21
201.00  617.71
202.00  616.31
203.00  622.11
204.00  618.70
205.00  622.89
206.00  630.01
207.00  629.26
208.00  637.86
209.00  635.66
210.00  639.41
211.00  638.11
212.00  643.73
213.00  651.75
214.00  656.35
215.00  652.73
216.00  653.09
217.00  658.28
218.00  660.08
219.00  666.53
220.00  666.41
221.00  670.58
222.00  672.80
223.00  682.50
224.00  684.62
225.00  687.42
226.00  684.32
227.00  687.15
228.00  695.33
229.00  699.50
230.00  695.50
231.00  703.79
232.00  704.20
233.00  709.80
234.00  711.82
235.00  710.55
236.00  718.33
237.00  723.30
238.00  725.93
239.00  728.02
240.00  729.39
241.00  729.26
242.00  737.44
243.00  741.20
244.00  739.29
245.00  740.90
246.00  744.41
247.00  750.22
248.00  755.47
249.00  756.79
250.00  763.04
251.00  759.89
252.00  766.80
253.00  770.23
254.00  767.20
255.00  777.69
256.00  776.22
257.00  785.80
258.00  781.25
259.00  790.28
260.00  792.64
261.00  792.38
262.00  797.58
263.00  796.02
264.00  799.05
265.00  808.19
266.00  803.33
267.00  808.54
268.00  814.53
269.00  818.68
270.00  819.02
271.00  823.39
272.00  824.76
273.00  827.35
274.00  832.87
275.00  830.13
276.00  834.97
277.00  841.92
278.00  840.50
279.00  848.40
280.00  846.41
281.00  853.07
282.00  853.84
283.00  855.43
284.00  858.58
285.00  865.58
286.00  866.66
287.00  869.68
288.00  871.17
289.00  876.21
290.00  882.73
291.00  879.21
292.00  882.41
293.00  893.37
294.00  891.01
295.00  899.24
296.00  901.72
297.00  902.79
298.00  903.58
299.00  910.01
300.00  914.97
301.00  909.95
302.00  919.12
303.00  921.70
304.00  919.81
305.00  928.69
306.00  931.23
307.00  926.94
308.00  938.35
309.00  932.97
310.00  942.34
311.00  943.09
312.00  947.50
313.00  950.12
314.00  954.98
315.00  955.40
316.00  956.29
317.00  959.52
318.00  962.45
319.00  966.27
320.00  965.55
321.00  977.15
322.00  971.04
323.00  983.11
324.00  983.96
325.00  985.85
326.00  992.57
327.00  988.88
328.00  997.79
329.00  992.87
330.00  1001.13
331.00  1005.09
332.00  1003.85
333.00  1008.91
334.00  1010.62
335.00  1019.75
336.00  1014.01
337.00  1020.06
338.00  1028.44
339.00  1023.32
340.00  1026.99
341.00  1035.34
342.00  1032.67
343.00  1036.57
344.00  1040.74
345.00  1045.69
346.00  1051.89
347.00  1050.67
348.00  1051.68
349.00  1061.49
350.00  1055.87
351.00  1059.60
352.00  1062.88
353.00  1072.61
354.00  1075.11
355.00  1070.13
356.00  1082.19
357.00  1084.75
358.00  1082.63
359.00  1083.23
360.00  1087.68
361.00  1089.93
362.00  1098.46
363.00  1095.71
364.00  1105.03
365.00  1101.63
366.00  1104.45
367.00  1108.27
368.00  1114.97
369.00  1113.44
370.00  1123.16
371.00  1124.96
372.00  1123.26
373.00  1124.41
374.00  1135.47
375.00  1132.70
376.00  1133.77
377.00  1136.57
378.00  1139.91
379.00  1145.48
380.00  1148.29
381.00  1150.33
382.00  1151.21
383.00  1156.80
384.00  1158.97
385.00  1162.81
386.00  1168.60
387.00  1167.19
388.00  1172.95
389.00  1174.89
390.00  1175.14
391.00  1185.52
392.00  1184.09
393.00  1191.13
394.00  1187.84
395.00  1199.63
396.00  1197.61
397.00  1196.82
398.00  1201.27
399.00  1207.70
400.00  1210.69
401.00  1217.91
402.00  1215.69
403.00  1214.84
404.00  1221.40
405.00  1226.39
406.00  1230.80
407.00  1229.06
408.00  1234.86
409.00  1233.41
410.00  1236.45
411.00  1245.13
412.00  1242.67
413.00  1248.04
414.00  1248.11
415.00  1258.28
416.00  1253.74
417.00  1264.09
418.00  1264.23
419.00  1262.24
420.00  1267.71
421.00  1272.76
422.00  1274.79
423.00  1274.15
424.00  1282.32
425.00  1283.90
426.00  1286.70
427.00  1287.44
428.00  1292.65
429.00  1295.49
430.00  1302.12
431.00  1299.15
432.00  1309.59
433.00  1311.44
434.00  1309.34
435.00  1314.83
436.00  1322.62
437.00  1316.76
438.00  1320.11
439.00  1326.42
440.00  1325.79
441.00  1331.25
442.00  1340.90
443.00  1340.42
444.00  1340.56
445.00  1345.95
446.00  1351.18
447.00  1351.60
448.00  1350.42
449.00  1354.70
450.00  1355.79
451.00  1367.36
452.00  1361.53
453.00  1372.33
454.00  1376.31
455.00  1373.91
456.00  1375.98
457.00  1385.99
458.00  1384.34
459.00  1391.80
460.00  1394.00
461.00  1396.27
462.00  1397.45
463.00  1401.46
464.00  1403.96
465.00  1409.14
466.00  1404.33
467.00  1413.46
468.00  1418.88
469.00  1418.55
470.00  1418.51
471.00  1421.38
472.00  1424.64
473.00  1429.51
474.00  1427.27
475.00  1439.29
476.00  1436.53
477.00  1442.32
478.00  1444.87
479.00  1444.60
480.00  1450.91
481.00  1448.19
482.00  1451.52
483.00  1455.33
484.00  1464.47
485.00  1461.00
486.00  1467.76
487.00  1466.09
488.00  1475.62
489.00  1477.80
490.00  1476.60
491.00  1484.63
492.00  1488.14
493.00  1487.75
494.00  1496.51
495.00  1495.06
496.00  1498.98
497.00  1500.28
498.00  1500.33
499.00  1510.40
500.00  1513.81
501.00  1513.68
502.00  1516.58
503.00  1521.77
504.00  1518.51
505.00  1523.17
506.00  1525.13
507.00  1534.01
508.00  1533.93
509.00  1538.88
510.00  1544.01
511.00  1544.25
512.00  1543.91
513.00  1549.38
514.00  1551.45
515.00  1551.80
516.00  1561.67
517.00  1560.77
518.00  1565.66
519.00  1563.59
520.00  1571.39
521.00  1570.49
522.00  1571.47
523.00  1577.98
524.00  1583.63
525.00  1589.62
526.00  1585.30
527.00  1590.69
528.00  1596.98
529.00  1594.10
530.00  1604.25
531.00  1605.78
532.00  1602.26
533.00  1612.52
534.00  1616.93
535.00  1612.17
536.00  1615.55
537.00  1622.74
538.00  1626.03
539.00  1630.80
540.00  1631.55
541.00  1628.97
542.00  1636.73
543.00  1634.48
544.00  1642.25
545.00  1647.91
546.00  1649.67
547.00  1647.29
548.00  1656.60
549.00  1652.09
550.00  1660.83
551.00  1662.93
552.00  1670.53
553.00  1664.04
554.00  1675.85
555.00  1673.26
556.00  1675.97
557.00  1677.18
558.00  1688.04
559.00  1683.47
560.00  1692.79
561.00  1692.76
562.00  1699.85
563.00  1699.31
564.00  1700.96
565.00  1700.83
566.00  1712.48
567.00  1708.86
568.00  1711.31
569.00  1714.71
570.00  1717.33
571.00  1723.12
572.00  1730.65
573.00  1724.12
574.00  1728.59
575.00  1735.19
576.00  1740.24
577.00  1737.68
578.00  1743.81
579.00  1746.64
580.00  1746.68
581.00  1750.27
582.00  1757.72
583.00  1759.02
584.00  1757.21
585.00  1765.40
586.00  1764.38
587.00  1766.59
588.00  1777.82
589.00  1774.90
590.00  1781.22
591.00  1784.41
592.00  1782.62
593.00  1788.14
594.00  1792.96
595.00  1793.93
596.00  1794.42
597.00  1802.13
598.00  1806.44
599.00  1805.09
600.00  1807.87
601.00  1809.78
602.00  1812.26
603.00  1818.02
604.00  1820.60
605.00  1825.69
606.00  1831.18
607.00  1826.44
608.00  1838.51
609.00  1837.40
610.00  1841.08
611.00  1842.40
612.00  1850.44
613.00  1853.32
614.00  1854.13
615.00  1859.99
616.00  1853.77
617.00  1861.25
618.00  1860.92
619.00  1868.46
620.00  1865.66
621.00  1872.69
622.00  1873.49
623.00  1882.10
624.00  1884.37
625.00  1888.49
626.00  1888.40
627.00  1886.55
628.00  1898.47
629.00  1893.08
630.00  1902.68
631.00  1905.66
632.00  1908.89
633.00  1911.66
634.00  1914.26
635.00  1914.71
636.00  1916.21
637.00  1924.89
638.00  1920.98
639.00  1926.95
640.00  1934.71
641.00  1930.81
642.00  1936.86
643.00  1936.32
644.00  1943.23
645.00  1941.10
646.00  1951.44
647.00  1955.72
648.00  1956.55
649.00  1954.25
650.00  1959.99
651.00  1960.98
652.00  1970.43
653.00  1971.22
654.00  1976.69
655.00  1970.93
656.00  1974.29
657.00  1985.09
658.00  1988.65
659.00  1988.74
660.00  1986.66
661.00  1989.04
662.00  1993.64
663.00  1995.55
664.00  2001.67
665.00  2005.22
666.00  2011.89
667.00  2011.53
668.00  2015.06
669.00  2017.53
670.00  2017.24
671.00  2024.33
672.00  2028.23
673.00  2028.11
674.00  2033.97
675.00  2036.67
676.00  2039.30
677.00  2043.29
678.00  2040.81
679.00  2048.17
680.00  2048.61
681.00  2055.26
682.00  2053.22
683.00  2059.48
684.00  2061.26
685.00  2068.25
686.00  2067.79
687.00  2068.27
688.00  2072.82
689.00  2076.79
690.00  2083.80
691.00  2087.48
692.00  2083.19
693.00  2085.02
694.00  2096.11
695.00  2099.41
696.00  2102.72
697.00  2097.31
698.00  2104.71
699.00  2108.34
700.00  2109.20
701.00  2113.57
702.00  2119.36
703.00  2121.83
704.00  2117.32
705.00  2120.48
706.00  2125.43
707.00  2132.77
708.00  2138.28
709.00  2137.29
710.00  2141.52
711.00  2145.10
712.00  2150.53
713.00  2153.90
714.00  2148.59
715.00  2150.91
716.00  2158.58
717.00  2164.54
718.00  2159.48
719.00  2170.32
720.00  2173.21
721.00  2173.30
722.00  2179.24
723.00  2178.40
724.00  2179.64
725.00  2189.94
726.00  2189.00
727.00  2188.90
728.00  2191.06
729.00  2197.28
730.00  2198.53
731.00  2198.82
732.00  2205.72
733.00  2204.66
734.00  2214.64
735.00  2219.71
736.00  2222.86
737.00  2225.36
738.00  2220.45
739.00  2223.75
740.00  2225.02
741.00  2230.48
742.00  2236.72
743.00  2236.27
744.00  2245.09
745.00  2246.93
746.00  2243.84
747.00  2246.83
748.00  2256.05
749.00  2255.21
750.00  2262.12
751.00  2262.53
752.00  2267.25
753.00  2265.82
754.00  2269.77
755.00  2274.49
756.00  2274.36
757.00  2277.21
758.00  2282.19
759.00  2289.19
760.00  2288.96
761.00  2295.89
762.00  2296.37
763.00  2297.48
764.00  2305.81
765.00  2306.25
766.00  2304.96
767.00  2311.65
768.00  2313.49
769.00  2319.55
770.00  2323.43
771.00  2326.48
772.00  2326.82
773.00  2324.36
774.00  2335.20
775.00  2338.38
776.00  2337.70
777.00  2337.78
778.00  2348.43
779.00  2351.08
780.00  2352.38
781.00  2353.92
782.00  2355.88
783.00  2355.44
784.00  2361.62
785.00  2367.21
786.00  2367.72
787.00  2367.33
788.00  2374.39
789.00  2379.78
790.00  2381.05
791.00  2387.56
792.00  2387.46
793.00  2392.28
794.00  2396.60
795.00  2396.27
796.00  2398.09
797.00  2397.07
798.00  2405.81
799.00  2408.16
800.00  2407.78
801.00  2417.33
802.00  2418.08
803.00  2421.60
804.00  2420.03
805.00  2424.68
806.00  2428.71
807.00  2435.64
808.00  2436.21
809.00  2435.16
810.00  2436.17
811.00  2444.65
812.00  2448.14
813.00  2451.51
814.00  2455.48
815.00  2455.38
816.00  2458.10
817.00  2465.04
818.00  2461.58
819.00  2468.07
820.00  2474.81
821.00  2475.37
822.00  2475.54
823.00  2476.43
824.00  2482.92
825.00  2489.60
826.00  2483.17
827.00  2493.02
828.00  2494.91
829.00  2494.67
830.00  2503.51
831.00  2506.50
832.00  2509.92
833.00  2504.85
834.00  2513.08
835.00  2511.62
836.00  2520.11
837.00  2517.78
838.00  2525.91
839.00  2531.21
840.00  2532.51
841.00  2536.49
842.00  2538.57
843.00  2542.12
844.00  2545.47
845.00  2542.01
846.00  2544.60
847.00  2555.41
848.00  2552.09
849.00  2561.16
850.00  2562.33
851.00  2560.28
852.00  2566.89
853.00  2571.03
854.00  2574.55
855.00  2571.64
856.00  2581.55
857.00  2577.49
858.00  2580.01
859.00  2585.48
860.00  2589.82
861.00  2596.41
862.00  2594.18
863.00  2595.37
864.00  2598.05
865.00  2609.78
866.00  2604.24
867.00  2607.46
868.00  2611.68
869.00  2621.18
870.00  2615.85
871.00  2626.97
872.00  2626.53
873.00  2631.04
874.00  2630.13
875.00  2635.91
876.00  2637.70
877.00  2637.52
878.00  2640.42
879.00  2646.60
880.00  2649.98
881.00  2655.19
882.00  2656.50
883.00  2662.99
884.00  2660.61
885.00  2665.41
886.00  2669.29
887.00  2667.70
888.00  2675.65
889.00  2680.63
890.00  2682.88
891.00  2683.64
892.00  2681.31
893.00  2686.31
894.00  2696.49
895.00  2697.23
896.00  2700.83
897.00  2699.00
898.00  2704.75
899.00  2711.86
900.00  2713.36
901.00  2714.98
902.00  2715.54
903.00  2719.72
904.00  2726.70
905.00  2728.52
906.00  2725.10
907.00  2731.08
908.00  2738.44
909.00  2734.98
910.00  2741.77
911.00  2745.25
912.00  2749.95
913.00  2749.54
914.00  2752.33
915.00  2752.69
916.00  2755.75
917.00  2761.67
918.00  2765.50
919.00  2762.74
920.00  2773.17
921.00  2775.35
922.00  2773.11
923.00  2782.47
924.00  2782.52
925.00  2780.94
926.00  2791.90
927.00  2792.65
928.00  2797.57
929.00  2799.64
930.00  2800.50
931.00  2806.52
932.00  2810.09
933.00  2804.08
934.00  2809.29
935.00  2814.05
936.00  2813.95
937.00  2822.17
938.00  2827.54
939.00  2827.56
940.00  2831.96
941.00  2834.48
942.00  2836.74
943.00  2838.45
944.00  2841.08
945.00  2840.08
946.00  2848.29
947.00  2849.93
948.00  2852.89
949.00  2853.08
950.00  2862.45
951.00  2863.34
952.00  2870.97
953.00  2870.73
954.00  2868.09
955.00  2877.08
956.00  2880.50
957.00  2879.81
958.00  2880.09
959.00  2890.46
960.00  2894.10
961.00  2897.98
962.00  2892.69
963.00  2900.88
964.00  2901.59
965.00  2903.08
966.00  2906.71
967.00  2909.77
968.00  2910.03
969.00  2919.87
970.00  2920.13
971.00  2926.29
972.00  2921.88
973.00  2930.93
974.00  2928.76
975.00  2937.92
976.00  2936.12
977.00  2939.49
978.00  2945.69
979.00  2947.06
980.00  2947.10
981.00  2950.37
982.00  2960.61
983.00  2961.18
984.00  2959.46
985.00  2966.46
986.00  2971.32
987.00  2972.71
988.00  2972.01
989.00  2979.72
990.00  2980.62
991.00  2986.32
992.00  2985.07
993.00  2987.03
994.00  2994.60
995.00  2998.12
996.00  3000.13
997.00  3005.64
998.00  3000.53
999.00  3008.07
1000.00  3013.63
1001.00  3017.37
1002.00  3015.48
1003.00  3023.59
1004.00  3019.26
1005.00  3024.30
1006.00  3023.42
1007.00  3035.61
1008.00  3037.14
1009.00  3033.35
1010.00  3042.86
1011.00  3047.42
1012.00  3044.14
1013.00  3046.34
1014.00  3053.05
1015.00  3051.47
1016.00  3055.42
1017.00  3059.80
1018.00  3068.60
1019.00  3064.42
1020.00  3069.51
1021.00  3076.89
1022.00  3077.62
1023.00  3080.50
1024.00  3083.22
1025.00  3087.99
1026.00  3084.16
1027.00  3089.21
1028.00  3098.46
1029.00  3099.23
1030.00  3103.77
1031.00  3104.00
1032.00  3101.27
1033.00  3108.51
1034.00  3107.68
1035.00  3110.41
1036.00  3116.79
1037.00  3121.61
1038.00  3119.65
1039.00  3127.56
1040.00  3132.25
1041.00  3133.38
1042.00  3135.14
1043.00  3140.22
1044.00  3140.77
1045.00  3143.52
1046.00  3152.34
1047.00  3154.71
1048.00  3150.26
1049.00  3152.10
1050.00  3162.17
1051.00  3165.91
1052.00  3166.92
1053.00  3170.44
1054.00  3174.45
1055.00  3174.57
1056.00  3180.67
1057.00  3177.04
1058.00  3181.06
1059.00  3190.06
1060.00  3186.37
1061.00  3191.48
1062.00  3191.28
1063.00  3194.42
1064.00  3204.33
1065.00  3209.32
1066.00  3207.78
1067.00  3208.21
1068.00  3215.83
1069.00  3214.16
1070.00  3219.85
1071.00  3221.40
1072.00  3227.60
1073.00  3226.14
1074.00  3236.89
1075.00  3233.88
1076.00  3237.26
1077.00  3237.42
1078.00  3248.19
1079.00  3251.29
1080.00  3247.50
1081.00  3254.34
1082.00  3259.20
1083.00  3258.74
1084.00  3265.97
1085.00  3260.14
1086.00  3269.53
1087.00  3267.34
1088.00  3278.51
1089.00  3280.67
1090.00  3275.67
1091.00  3282.88
1092.00  3285.41
1093.00  3291.32
1094.00  3290.32
1095.00  3297.55
1096.00  3300.44
1097.00  3303.51
1098.00  3299.47
1099.00  3306.78
1100.00  3309.68
1101.00  3317.03
1102.00  3318.81
1103.00  3319.02
1104.00  3317.29
1105.00  3321.36
1106.00  3325.83
1107.00  3334.69
1108.00  3334.10
1109.00  3334.73
1110.00  3336.65
1111.00  3341.38
1112.00  3343.04
1113.00  3347.92
1114.00  3347.82
1115.00  3354.61
1116.00  3354.22
1117.00  3361.62
1118.00  3365.18
1119.00  3369.14
1120.00  3369.12
1121.00  3375.03
1122.00  3376.40
1123.00  3382.05
1124.00  3384.62
1125.00  3382.59
1126.00  3385.40
1127.00  3387.52
1128.00  3397.82
1129.00  3392.27
1130.00  3395.21
1131.00  3407.75
1132.00  3407.08
1133.00  3409.72
1134.00  3407.72
1135.00  3414.23
1136.00  3415.56
1137.00  3425.25
1138.00  3420.80
1139.00  3429.23
1140.00  3433.98
1141.00  3434.55
1142.00  3440.13
1143.00  3440.07
1144.00  3442.42
1145.00  3440.42
1146.00  3444.82
1147.00  3452.83
1148.00  3452.19
1149.00  3461.69
1150.00  3460.92
1151.00  3461.30
1152.00  3463.89
1153.00  3469.95
1154.00  3475.66
1155.00  3476.17
1156.00  3479.05
1157.00  3485.90
1158.00  3479.04
1159.00  3489.16
1160.00  3490.10
1161.00  3495.63
1162.00  3491.41
1163.00  3501.77
1164.00  3497.54
1165.00  3507.19
1166.00  3510.89
1167.00  3507.53
1168.00  3514.64
1169.00  3515.98
1170.00  3517.45
1171.00  3527.38
1172.00  3521.29
1173.00  3526.22
1174.00  3530.19
1175.00  3535.06
1176.00  3534.16
1177.00  3541.40
1178.00  3548.18
1179.00  3545.24
1180.00  3551.84
1181.00  3549.62
1182.00  3556.75
1183.00  3561.01
1184.00  3561.19
1185.00  3565.99
1186.00  3571.11
1187.00  3571.07
1188.00  3570.22
1189.00  3579.10
1190.00  3576.18
1191.00  3587.85
1192.00  3588.13
1193.00  3589.02
1194.00  3590.77
1195.00  3591.61
1196.00  3593.66
1197.00  3599.00
1198.00  3603.78
1199.00  3605.39
1200.00  3613.52
1201.00  3610.51
1202.00  3611.57
1203.00  3622.77
1204.00  3623.73
1205.00  3620.54
1206.00  3629.17
1207.00  3626.18
1208.00  3636.15
1209.00  3638.95
1210.00  3643.54
1211.00  3646.55
1212.00  3650.01
1213.00  3644.12
1214.00  3654.32
1215.00  3654.72
1216.00  3654.58
1217.00  3658.60
1218.00  3660.23
1219.00  3668.95
1220.00  3674.41
1221.00  3672.96
1222.00  3671.91
1223.00  3675.41
1224.00  3681.48
1225.00  3680.13
1226.00  3686.41
1227.00  3691.98
1228.00  3695.83
1229.00  3698.96
1230.00  3701.12
1231.00  3701.02
1232.00  3708.41
1233.00  3711.77
1234.00  3708.31
1235.00  3714.26
1236.00  3720.46
1237.00  3722.78
1238.00  3725.20
1239.00  3724.74
1240.00  3725.68
1241.00  3733.69
1242.00  3738.73
1243.00  3735.55
1244.00  3744.25
1245.00  3746.83
1246.00  3746.56
1247.00  3747.41
1248.00  3757.08
1249.00  3755.96
1250.00  3755.21
1251.00  3763.82
1252.00  3764.92
1253.00  3766.88
1254.00  3767.32
1255.00  3772.37
1256.00  3778.23
1257.00  3777.47
1258.00  3787.33
1259.00  3788.82
1260.00  3788.88
1261.00  3790.25
1262.00  3794.89
1263.00  3799.31
1264.00  3803.43
1265.00  3802.21
1266.00  3803.56
1267.00  3812.12
1268.00  3809.52
1269.00  3818.09
1270.00  3817.71
1271.00  3818.60
1272.00  3822.00
1273.00  3830.42
1274.00  3828.63
1275.00  3839.55
1276.00  3834.46
1277.00  3840.11
1278.00  3839.69
1279.00  3851.39
1280.00  3845.87
1281.00  3856.75
1282.00  3851.69
1283.00  3855.77
1284.00  3859.20
1285.00  3866.48
1286.00  3866.60
1287.00  3875.78
1288.00  3870.93
1289.00  3879.44
1290.00  3881.87
1291.00  3882.53
1292.00  3888.97
1293.00  3886.30
1294.00  3896.40
1295.00  3899.16
1296.00  3898.37
1297.00  3904.86
1298.00  3905.43
1299.00  3904.21
1300.00  3914.77
1301.00  3911.63
1302.00  3912.48
1303.00  3921.83
1304.00  3920.16
1305.00  3926.17
1306.00  3932.57
1307.00  3932.55
1308.00  3937.40
1309.00  3932.18
1310.00  3935.21
1311.00  3946.88
1312.00  3947.35
1313.00  3948.12
1314.00  3952.35
1315.00  3950.19
1316.00  3955.35
1317.00  3965.94
1318.00  3959.31
1319.00  3968.88
1320.00  3969.23
1321.00  3974.63
1322.00  3977.19
1323.00  3980.80
1324.00  3981.53
1325.00  3981.55
1326.00  3992.11
1327.00  3991.09
1328.00  3994.86
1329.00  3992.38
1330.00  3996.87
1331.00  4005.17
1332.00  4010.47
1333.00  4008.64
1334.00  4015.13
1335.00  4015.47
1336.00  4019.03
1337.00  4020.59
1338.00  4026.97
1339.00  4030.93
1340.00  4025.41
1341.00  4037.10
1342.00  4040.92
1343.00  4041.29
1344.00  4040.98
1345.00  4041.01
1346.00  4052.59
1347.00  4050.02
1348.00  4053.09
1349.00  4056.56
1350.00  4063.15
1351.00  4059.20
1352.00  4064.39
1353.00  4066.59
1354.00  4069.75
1355.00  4077.81
1356.00  4076.66
1357.00  4076.91
1358.00  4083.28
1359.00  4084.30
1360.00  4088.29
1361.00  4089.58
1362.00  4094.25
1363.00  4102.92
1364.00  4104.86
1365.00  4107.59
1366.00  4112.73
1367.00  4111.18
1368.00  4109.06
1369.00  4118.58
1370.00  4115.85
1371.00  4126.42
1372.00  4124.35
1373.00  4127.88
1374.00  4127.53
1375.00  4130.72
1376.00  4134.97
1377.00  4138.44
1378.00  4141.08
1379.00  4148.80
1380.00  4150.04
1381.00  4154.32
1382.00  4159.75
1383.00  4160.17
1384.00  4163.59
1385.00  4164.22
1386.00  4168.51
1387.00  4170.37
1388.00  4172.70
1389.00  4175.07
1390.00  4176.53
1391.00  4181.89
1392.00  4183.25
1393.00  4189.44
1394.00  4194.85
1395.00  4194.01
1396.00  4199.69
1397.00  4203.54
1398.00  4208.50
1399.00  4210.93
1400.00  4211.83
1401.00  4214.82
1402.00  4214.35
1403.00  4223.44
1404.00  4219.37
1405.00  4229.50
1406.00  4230.04
1407.00  4229.15
1408.00  4230.33
1409.00  4240.46
1410.00  4244.50
1411.00  4245.88
1412.00  4249.16
1413.00  4244.70
1414.00  4254.60
1415.00  4250.27
1416.00  4255.60
1417.00  4257.44
1418.00  4266.07
1419.00  4264.35
1420.00  4272.18
1421.00  4271.55
1422.00  4277.92
1423.00  4276.70
1424.00  4284.91
1425.00  4285.94
1426.00  4284.88
1427.00  4295.58
1428.00  4296.56
1429.00  4297.10
1430.00  4304.11
1431.00  4305.54
1432.00  4307.58
1433.00  4308.47
1434.00  4314.36
1435.00  4316.13
1436.00  4316.40
1437.00  4320.58
1438.00  4323.58
1439.00  4323.58
1440.00  4332.55
1441.00  4330.52
1442.00  4335.71
1443.00  4341.55
1444.00  4339.55
1445.00  4344.25
1446.00  4344.68
1447.00  4347.86
1448.00  4355.38
1449.00  4353.82
1450.00  4362.74
1451.00  4365.13
1452.00  4366.94
1453.00  4368.80
1454.00  4375.58
1455.00  4376.22
1456.00  4382.34
1457.00  4378.60
1458.00  4381.30
1459.00  4387.29
1460.00  4391.93
1461.00  4394.32
1462.00  4395.14
1463.00  4403.00
1464.00  4405.98
1465.00  4406.12
1466.00  4411.38
1467.00  4406.93
1468.00  4418.95
1469.00  4419.00
1470.00  4422.16
1471.00  4418.66
1472.00  4424.12
1473.00  4433.42
1474.00  4428.45
1475.00  4430.90
1476.00  4439.12
1477.00  4443.02
1478.00  4441.20
1479.00  4442.52
1480.00  4454.82
1481.00  4453.62
1482.00  4459.96
1483.00  4457.72
1484.00  4463.21
1485.00  4462.57
1486.00  4470.75
1487.00  4475.16
1488.00  4471.79
1489.00  4480.74
1490.00  4476.44
1491.00  4478.32
1492.00  4485.10
1493.00  4485.07
1494.00  4494.04
1495.00  4490.89
1496.00  4494.84
1497.00  4496.89
1498.00  4508.03
1499.00  4504.89
1500.00  4505.89
1501.00  4511.16
1502.00  4517.94
1503.00  4521.24
1504.00  4520.42
1505.00  4521.72
1506.00  4525.29
1507.00  4530.27
1508.00  4533.10
1509.00  4533.26
1510.00  4536.95
1511.00  4546.69
1512.00  4548.20
1513.00  4545.00
1514.00  4551.64
1515.00  4559.95
1516.00  4560.74
1517.00  4564.44
1518.00  4568.76
1519.00  4562.69
1520.00  4570.55
1521.00  4571.89
1522.00  4580.17
1523.00  4582.73
1524.00  4582.11
1525.00  4586.22
1526.00  4586.04
1527.00  4593.69
1528.00  4595.71
1529.00  4598.63
1530.00  4595.96
1531.00  4605.36
1532.00  4606.32
1533.00  4604.15
1534.00  4609.73
1535.00  4611.26
1536.00  4617.56
1537.00  4624.30
1538.00  4620.14
1539.00  4625.19
1540.00  4631.19
1541.00  4629.07
1542.00  4632.36
1543.00  4637.68
1544.00  4641.02
1545.00  4645.04
1546.00  4644.81
1547.00  4650.34
1548.00  4654.92
1549.00  4655.77
1550.00  4664.56
1551.00  4658.22
1552.00  4664.45
1553.00  4671.24
1554.00  4676.09
1555.00  4676.70
1556.00  4676.24
1557.00  4680.63
1558.00  4687.12
1559.00  4684.24
1560.00  4685.59
1561.00  4690.66
1562.00  4700.16
1563.00  4701.79
1564.00  4701.94
1565.00  4700.02
1566.00  4707.52
1567.00  4714.74
1568.00  4716.82
1569.00  4715.10
1570.00  4716.88
1571.00  4721.61
1572.00  4729.21
1573.00  4725.11
1574.00  4728.41
1575.00  4731.82
1576.00  4741.40
1577.00  4741.73
1578.00  4746.39
1579.00  4743.62
1580.00  4753.73
1581.00  4750.52
1582.00  4752.58
1583.00  4763.10
1584.00  4757.43
1585.00  4762.19
1586.00  4771.97
1587.00  4768.98
1588.00  4775.77
1589.00  4777.78
1590.00  4775.09
1591.00  4779.14
1592.00  4784.72
1593.00  4784.46
1594.00  4789.76
1595.00  4794.54
1596.00  4793.95
1597.00  4798.39
1598.00  4801.59
1599.00  4804.97
1600.00  4812.26
1601.00  4809.48
1602.00  4820.10
1603.00  4814.37
1604.00  4826.10
1605.00  4824.82
1606.00  4827.43
1607.00  4829.10
1608.00  4838.26
1609.00  4838.07
1610.00  4835.25
1611.00  4840.61
1612.00  4845.18
1613.00  4849.16
1614.00  4852.34
1615.00  4858.88
1616.00  4854.43
1617.00  4862.27
1618.00  4862.32
1619.00  4865.22
1620.00  4871.17
1621.00  4870.70
1622.00  4872.00
1623.00  4882.14
1624.00  4886.52
1625.00  4887.20
1626.00  4888.16
1627.00  4890.37
1628.00  4889.25
1629.00  4892.62
1630.00  4898.79
1631.00  4904.08
1632.00  4904.90
1633.00  4904.73
1634.00  4911.34
1635.00  4916.17
1636.00  4918.42
1637.00  4918.08
1638.00  4926.58
1639.00  4931.46
1640.00  4930.99
1641.00  4932.37
1642.00  4933.49
1643.00  4940.13
1644.00  4939.28
1645.00  4946.84
1646.00  4947.35
1647.00  4950.35
1648.00  4950.72
1649.00  4960.01
1650.00  4962.15
1651.00  4962.25
1652.00  4970.38
1653.00  4969.00
1654.00  4975.56
1655.00  4976.65
1656.00  4979.82
1657.00  4983.77
1658.00  4987.57
1659.00  4990.47
1660.00  4993.00
1661.00  4992.44
1662.00  4994.00
1663.00  5000.18
1664.00  5001.63
1665.00  5006.95
1666.00  5006.97
1667.00  5010.55
1668.00  5015.00
1669.00  5014.34
1670.00  5019.55
1671.00  5020.58
1672.00  5024.79
1673.00  5026.76
1674.00  5028.07
1675.00  5035.34
1676.00  5037.52
1677.00  5042.18
1678.00  5039.64
1679.00  5048.19
1680.00  5051.78
1681.00  5051.94
1682.00  5053.16
1683.00  5059.65
1684.00  5066.45
1685.00  5061.01
1686.00  5070.22
1687.00  5071.52
1688.00  5072.15
1689.00  5078.59
1690.00  5079.40
1691.00  5083.35
1692.00  5082.32
1693.00  5085.87
1694.00  5094.10
1695.00  5093.53
1696.00  5101.56
1697.00  5098.64
1698.00  5107.40
1699.00  5102.45
1700.00  5113.53
1701.00  5114.25
1702.00  5119.68
1703.00  5120.63
1704.00  5121.70
1705.00  5124.60
1706.00  5124.96
1707.00  5126.01
1708.00  5133.27
1709.00  5132.58
1710.00  5143.60
1711.00  5146.20
1712.00  5142.67
1713.00  5148.20
1714.00  5152.70
1715.00  5155.62
1716.00  5160.19
1717.00  5161.11
1718.00  5161.14
1719.00  5171.14
1720.00  5165.15
1721.00  5175.53
1722.00  5174.02
1723.00  5179.58
1724.00  5184.50
1725.00  5189.51
1726.00  5186.20
1727.00  5194.39
1728.00  5191.75
1729.00  5194.50
1730.00  5199.92
1731.00  5207.85
1732.00  5203.52
1733.00  5210.53
1734.00  5207.50
1735.00  5211.70
1736.00  5214.75
1737.00  5216.65
1738.00  5225.33
1739.00  5223.59
1740.00  5231.42
1741.00  5236.46
1742.00  5239.75
1743.00  5238.87
1744.00  5237.15
1745.00  5248.78
1746.00  5250.24
1747.00  5249.15
1748.00  5251.52
1749.00  5258.01
1750.00  5258.41
1751.00  5259.10
1752.00  5266.80
1753.00  5271.95
1754.00  5273.24
1755.00  5276.39
1756.00  5281.61
1757.00  5278.70
1758.00  5287.25
1759.00  5291.87
1760.00  5288.01
1761.00  5291.16
1762.00  5296.09
1763.00  5299.27
1764.00  5302.51
1765.00  5302.03
1766.00  5306.86
1767.00  5308.76
1768.00  5316.19
1769.00  5313.36
1770.00  5322.24
1771.00  5325.68
1772.00  5323.19
1773.00  5328.56
1774.00  5332.05
1775.00  5331.42
1776.00  5338.78
1777.00  5338.40
1778.00  5342.40
1779.00  5350.92
1780.00  5345.57
1781.00  5353.87
1782.00  5352.78
1783.00  5356.55
1784.00  5366.46
1785.00  5365.53
1786.00  5372.58
1787.00  5370.48
1788.00  5371.12
1789.00  5378.61
1790.00  5384.21
1791.00  5384.94
1792.00  5381.90
1793.00  5385.73
1794.00  5392.08
1795.00  5394.56
1796.00  5401.80
1797.00  5404.62
1798.00  5404.43
1799.00  5402.17
1800.00  5410.95
1801.00  5408.41
1802.00  5417.18
1803.00  5419.24
1804.00  5422.35
1805.00  5427.64
1806.00  5429.13
1807.00  5433.79
1808.00  5437.20
1809.00  5440.31
1810.00  5444.73
1811.00  5445.83
1812.00  5448.46
1813.00  5449.62
1814.00  5452.33
1815.00  5459.77
1816.00  5458.67
1817.00  5460.03
1818.00  5468.10
1819.00  5464.05
1820.00  5471.59
1821.00  5468.66
1822.00  5473.29
1823.00  5479.65
1824.00  5482.24
1825.00  5484.41
1826.00  5491.05
1827.00  5492.99
1828.00  5494.75
1829.00  5499.73
1830.00  5495.28
1831.00  5506.87
1832.00  5503.78
1833.00  5511.53
1834.00  5515.90
1835.00  5515.26
1836.00  5522.75
1837.00  5517.21
1838.00  5527.66
1839.00  5526.17
1840.00  5534.62
1841.00  5530.85
1842.00  5535.76
1843.00  5536.06
1844.00  5545.88
1845.00  5545.22
1846.00  5545.28
1847.00  5547.93
1848.00  5551.95
1849.00  5553.70
1850.00  5564.13
1851.00  5564.86
1852.00  5566.91
1853.00  5569.66
1854.00  5575.93
1855.00  5570.86
1856.00  5576.77
1857.00  5578.78
1858.00  5587.78
1859.00  5590.31
1860.00  5585.62
1861.00  5595.81
1862.00  5592.45
1863.00  5594.64
1864.00  5597.44
1865.00  5605.65
1866.00  5611.79
1867.00  5607.68
1868.00  5617.38
1869.00  5620.37
1870.00  5617.87
1871.00  5623.25
1872.00  5630.48
1873.00  5624.84
1874.00  5634.26
1875.00  5630.97
1876.00  5633.70
1877.00  5636.55
1878.00  5646.76
1879.00  5649.82
1880.00  5648.43
1881.00  5651.80
1882.00  5658.54
1883.00  5660.60
1884.00  5666.69
1885.00  5667.60
1886.00  5667.75
1887.00  5668.47
1888.00  5672.68
1889.00  5673.07
1890.00  5683.13
1891.00  5678.02
1892.00  5682.56
1893.00  5687.93
1894.00  5692.90
1895.00  5690.09
1896.00  5702.53
1897.00  5703.71
1898.00  5707.33
1899.00  5707.32
1900.00  5714.19
1901.00  5708.95
1902.00  5719.77
1903.00  5717.02
1904.00  5723.82
1905.00  5723.10
1906.00  5729.85
1907.00  5734.27
1908.00  5732.65
1909.00  5741.35
1910.00  5744.64
1911.00  5745.31
1912.00  5746.33
1913.00  5746.38
1914.00  5755.26
1915.00  5754.59
1916.00  5753.82
1917.00  5759.01
1918.00  5759.18
1919.00  5766.44
1920.00  5772.70
1921.00  5771.38
1922.00  5779.12
1923.00  5778.19
1924.00  5777.54
1925.00  5789.37
1926.00  5783.32
1927.00  5789.03
1928.00  5798.99
1929.00  5800.38
1930.00  5800.40
1931.00  5803.27
1932.00  5809.56
1933.00  5807.13
1934.00  5813.81
1935.00  5816.02
1936.00  5821.50
1937.00  5825.41
1938.00  5822.34
1939.00  5826.07
1940.00  5825.65
1941.00  5834.67
1942.00  5832.02
1943.00  5836.46
1944.00  5845.10
1945.00  5841.68
1946.00  5845.88
1947.00  5852.56
1948.00  5849.71
1949.00  5853.10
1950.00  5862.63
1951.00  5861.94
1952.00  5864.20
1953.00  5871.49
1954.00  5874.32
1955.00  5873.17
1956.00  5881.69
1957.00  5882.19
1958.00  5879.71
1959.00  5887.48
1960.00  5886.61
1961.00  5893.52
1962.00  5896.76
1963.00  5895.28
1964.00  5901.26
1965.00  5904.35
1966.00  5903.36
1967.00  5910.69
1968.00  5911.05
1969.00  5918.75
1970.00  5918.66
1971.00  5918.95
1972.00  5929.22
1973.00  5928.14
1974.00  5932.30
1975.00  5934.50
1976.00  5936.36
1977.00  5939.51
1978.00  5947.21
1979.00  5948.28
1980.00  5947.46
1981.00  5957.03
1982.00  5951.93
1983.00  5960.38
1984.00  5958.73
1985.00  5968.78
1986.00  5971.88
1987.00  5971.71
1988.00  5969.65
1989.00  5973.39
1990.00  5981.39
1991.00  5985.30
1992.00  5990.51
1993.00  5989.24
1994.00  5987.72
1995.00  5991.78
1996.00  6002.92
1997.00  6005.72
1998.00  6007.07
1999.00  6003.16
2000.00  6010.54
2001.00  6016.79
2002.00  6015.66
2003.00  6016.15
2004.00  6020.58
2005.00  6025.36
2006.00  6026.86
2007.00  6026.63
2008.00  6031.51
2009.00  6039.34
2010.00  6042.48
2011.00  6043.17
2012.00  6042.63
2013.00  6051.52
2014.00  6047.98
2015.00  6050.95
2016.00  6057.22
2017.00  6062.88
2018.00  6066.19
2019.00  6065.15
2020.00  6073.56
2021.00  6071.52
2022.00  6075.31
2023.00  6074.40
2024.00  6083.91
2025.00  6084.80
2026.00  6086.01
2027.00  6090.00
2028.00  6096.22
2029.00  6094.70
2030.00  6096.79
2031.00  6100.06
2032.00  6106.55
2033.00  6104.70
2034.00  6112.74
2035.00  6114.52
2036.00  6118.97
2037.00  6116.58
2038.00  6127.83
2039.00  6124.14
2040.00  6131.95
2041.00  6131.90
2042.00  6136.35
2043.00  6141.36
2044.00  6144.20
2045.00  6149.28
2046.00  6152.79
2047.00  6147.42
2048.00  6158.48
2049.00  6160.25
2050.00  6159.03
2051.00  6161.68
2052.00  6164.55
2053.00  6169.24
2054.00  6173.03
2055.00  6171.87
2056.00  6178.43
2057.00  6177.54
2058.00  6187.90
2059.00  6185.15
2060.00  6194.88
2061.00  6194.06
2062.00  6197.47
2063.00  6194.83
2064.00  6206.67
2065.00  6207.61
2066.00  6205.56
2067.00  6210.55
2068.00  6214.05
2069.00  6219.70
2070.00  6222.82
2071.00  6225.57
2072.00  6222.16
2073.00  6227.73
2074.00  6231.85
2075.00  6230.27
2076.00  6237.41
2077.00  6245.51
2078.00  6246.49
2079.00  6248.10
2080.00  6248.36
2081.00  6251.89
2082.00  6259.58
2083.00  6256.40
2084.00  6257.20
2085.00  6266.11
2086.00  6270.86
2087.00  6266.55
2088.00  6274.37
2089.00  6274.99
2090.00  6284.32
2091.00  6283.23
2092.00  6285.20
2093.00  6289.66
2094.00  6295.04
2095.00  6292.90
2096.00  6298.79
2097.00  6302.06
2098.00  6304.10
2099.00  6311.00
2100.00  6310.81
2101.00  6309.23
2102.00  6311.64
2103.00  6314.17
2104.00  6324.19
2105.00  6320.73
2106.00  6325.38
2107.00  6329.19
2108.00  6331.92
2109.00  6333.48
2110.00  6336.96
2111.00  6342.89
2112.00  6350.50
2113.00  6344.25
2114.00  6349.76
2115.00  6357.54
2116.00  6356.37
2117.00  6360.53
2118.00  6360.78
2119.00  6363.84
2120.00  6367.60
2121.00  6370.54
2122.00  6372.24
2123.00  6381.39
2124.00  6384.94
2125.00  6386.07
2126.00  6386.98
2127.00  6386.99
2128.00  6398.48
2129.00  6394.77
2130.00  6395.03
2131.00  6407.79
2132.00  6404.56
2133.00  6410.45
2134.00  6411.69
2135.00  6418.63
2136.00  6421.14
2137.00  6417.72
2138.00  6422.31
2139.00  6429.84
2140.00  6433.52
2141.00  6429.84
2142.00  6435.34
2143.00  6436.39
2144.00  6444.85
2145.00  6441.77
2146.00  6443.11
2147.00  6455.43
2148.00  6449.29
2149.00  6452.47
2150.00  6461.01
2151.00  6463.32
2152.00  6468.79
2153.00  6472.99
2154.00  6471.13
2155.00  6475.82
2156.00  6477.04
2157.00  6481.69
2158.00  6483.68
2159.00  6482.74
2160.00  6485.40
2161.00  6491.56
2162.00  6498.64
2163.00  6498.98
2164.00  6506.15
2165.00  6503.99
2166.00  6509.93
2167.00  6515.89
2168.00  6510.03
2169.00  6521.96
2170.00  6517.63
2171.00  6521.87
2172.00  6525.05
2173.00  6525.11
2174.00  6530.40
2175.00  6530.64
2176.00  6534.23
2177.00  6543.82
2178.00  6543.44
2179.00  6546.71
2180.00  6551.57
2181.00  6551.52
2182.00  6551.08
2183.00  6559.94
2184.00  6564.53
2185.00  6569.40
2186.00  6570.69
2187.00  6569.41
2188.00  6573.05
2189.00  6579.59
2190.00  6577.97
2191.00  6585.06
2192.00  6582.04
2193.00  6588.27
2194.00  6588.41
2195.00  6592.41
2196.00  6594.61
2197.00  6599.13
2198.00  6605.33
2199.00  6611.44
2200.00  6607.79
2201.00  6608.44
2202.00  6617.84
2203.00  6618.82
2204.00  6617.06
2205.00  6622.68
2206.00  6626.21
2207.00  6633.50
2208.00  6632.02
2209.00  6640.74
2210.00  6641.12
2211.00  6642.61
2212.00  6643.16
2213.00  6647.23
2214.00  6651.11
2215.00  6654.58
2216.00  6661.00
2217.00  6663.74
2218.00  6667.99
2219.00  6669.06
2220.00  6665.74
2221.00  6673.99
2222.00  6679.27
2223.00  6679.71
2224.00  6678.84
2225.00  6680.90
2226.00  6684.78
2227.00  6690.57
2228.00  6690.62
2229.00  6695.51
2230.00  6695.62
2231.00  6698.73
2232.00  6710.56
2233.00  6704.59
2234.00  6709.42
2235.00  6716.25
2236.00  6722.92
2237.00  6724.68
2238.00  6719.83
2239.00  6730.32
2240.00  6725.29
2241.00  6730.01
2242.00  6737.39
2243.00  6736.96
2244.00  6745.26
2245.00  6744.25
2246.00  6745.56
2247.00  6753.71
2248.00  6751.29
2249.00  6752.56
2250.00  6755.31
2251.00  6763.95
2252.00  6761.15
2253.00  6764.45
2254.00  6768.93
2255.00  6776.94
2256.00  6777.54
2257.00  6776.12
2258.00  6779.41
2259.00  6789.17
2260.00  6792.43
2261.00  6794.77
2262.00  6796.67
2263.00  6802.58
2264.00  6804.07
2265.00  6806.03
2266.00  6808.56
2267.00  6810.01
2268.00  6817.64
2269.00  6812.82
2270.00  6822.61
2271.00  6821.22
2272.00  6826.37
2273.00  6832.94
2274.00  6828.55
2275.00  6833.92
2276.00  6837.93
2277.00  6843.78
2278.00  6839.91
2279.00  6844.48
2280.00  6850.12
2281.00  6854.15
2282.00  6854.11
2283.00  6863.77
2284.00  6860.25
2285.00  6867.08
2286.00  6868.67
2287.00  6875.15
2288.00  6877.05
2289.00  6880.24
2290.00  6875.65
2291.00  6884.28
2292.00  6883.65
2293.00  6892.41
2294.00  6889.64
2295.00  6892.94
2296.00  6899.33
2297.00  6904.57
2298.00  6906.94
2299.00  6904.02
2300.00  6906.78
2301.00  6913.27
2302.00  6915.72
2303.00  6921.06
2304.00  6920.44
2305.00  6926.40
2306.00  6927.02
2307.00  6933.18
2308.00  6930.96
2309.00  6939.47
2310.00  6942.15
2311.00  6939.23
2312.00  6942.35
2313.00  6950.36
2314.00  6955.13
2315.00  6955.44
2316.00  6955.63
2317.00  6963.26
2318.00  6963.61
2319.00  6964.92
2320.00  6972.77
2321.00  6971.19
2322.00  6979.97
2323.00  6981.16
2324.00  6980.61
2325.00  6987.22
2326.00  6983.73
2327.00  6988.28
2328.00  6990.90
2329.00  6994.16
2330.00  7003.32
2331.00  6998.39
2332.00  7006.50
2333.00  7008.55
2334.00  7015.57
2335.00  7015.88
2336.00  7020.90
2337.00  7024.76
2338.00  7027.98
2339.00  7025.27
2340.00  7026.53
2341.00  7030.18
2342.00  7039.60
2343.00  7042.72
2344.00  7040.56
2345.00  7048.09
2346.00  7050.97
2347.00  7049.66
2348.00  7055.49
2349.00  7059.56
2350.00  7055.04
2351.00  7064.54
2352.00  7066.58
2353.00  7065.08
2354.00  7067.96
2355.00  7073.02
2356.00  7082.00
2357.00  7077.43
2358.00  7087.76
2359.00  7083.20
2360.00  7094.66
2361.00  7092.10
2362.00  7093.92
2363.00  7094.86
2364.00  7100.34
2365.00  7102.67
2366.00  7112.67
2367.00  7111.48
2368.00  7116.66
2369.00  7116.71
2370.00  7122.88
2371.00  7125.25
2372.00  7128.81
2373.00  7124.94
2374.00  7134.79
2375.00  7131.22
2376.00  7139.01
2377.00  7144.03
2378.00  7142.34
2379.00  7151.87
2380.00  7149.11
2381.00  7151.50
2382.00  7154.57
2383.00  7154.77
2384.00  7157.83
2385.00  7164.47
2386.00  7172.33
2387.00  7172.19
2388.00  7174.56
2389.00  7180.42
2390.00  7183.38
2391.00  7178.84
2392.00  7185.02
2393.00  7192.91
2394.00  7187.15
2395.00  7193.40
2396.00  7197.80
2397.00  7202.48
2398.00  7202.53
2399.00  7208.76
2400.00  7210.20
2401.00  7213.52
2402.00  7217.40
2403.00  7220.41
2404.00  7221.75
2405.00  7223.77
2406.00  7227.00
2407.00  7229.97
2408.00  7231.86
2409.00  7233.62
2410.00  7239.73
2411.00  7241.72
2412.00  7248.68
2413.00  7247.18
2414.00  7255.71
2415.00  7257.32
2416.00  7253.23
2417.00  7256.75
2418.00  7262.84
2419.00  7271.67
2420.00  7273.16
2421.00  7269.72
2422.00  7280.85
2423.00  7281.97
2424.00  7282.17
2425.00  7289.17
2426.00  7288.02
2427.00  7291.66
2428.00  7298.03
2429.00  7296.97
2430.00  7298.78
2431.00  7300.05
2432.00  7305.04
2433.00  7308.51
2434.00  7316.27
2435.00  7319.43
2436.00  7320.25
2437.00  7319.06
2438.00  7319.15
2439.00  7325.58
2440.00  7332.48
2441.00  7333.35
2442.00  7333.64
2443.00  7334.29
2444.00  7344.60
2445.00  7341.81
2446.00  7343.30
2447.00  7351.75
2448.00  7349.92
2449.00  7354.84
2450.00  7364.99
2451.00  7360.79
2452.00  7366.80
2453.00  7368.65
2454.00  7368.72
2455.00  7375.23
2456.00  7375.09
2457.00  7383.89
2458.00  7382.78
2459.00  7384.63
2460.00  7394.68
2461.00  7391.96
2462.00  7391.58
2463.00  7396.13
2464.00  7399.73
2465.00  7402.99
2466.00  7410.80
2467.00  7412.33
2468.00  7411.63
2469.00  7416.93
2470.00  7421.47
2471.00  7419.54
2472.00  7422.38
2473.00  7429.97
2474.00  7436.81
2475.00  7435.90
2476.00  7438.96
2477.00  7439.16
2478.00  7442.64
2479.00  7447.57
2480.00  7453.27
2481.00  7452.39
2482.00  7460.37
2483.00  7463.12
2484.00  7463.29
2485.00  7463.03
2486.00  7463.71
2487.00  7473.85
2488.00  7478.12
2489.00  7480.53
2490.00  7483.92
2491.00  7479.51
2492.00  7484.69
2493.00  7489.37
2494.00  7488.07
2495.00  7497.25
2496.00  7499.36
2497.00  7504.79
2498.00  7505.62
2499.00  7511.34
2500.00  7509.72
2501.00  7515.31
2502.00  7514.92
2503.00  7514.63
2504.00  7522.42
2505.00  7527.83
2506.00  7526.31
2507.00  7531.23
2508.00  7533.90
2509.00  7536.81
2510.00  7539.12
2511.00  7538.37
2512.00  7543.70
2513.00  7547.50
2514.00  7554.71
2515.00  7559.07
2516.00  7555.29
2517.00  7556.51
2518.00  7560.31
2519.00  7569.14
2520.00  7565.35
2521.00  7570.62
2522.00  7571.89
2523.00  7582.85
2524.00  7583.33
2525.00  7588.89
2526.00  7585.30
2527.00  7595.87
2528.00  7594.91
2529.00  7598.71
2530.00  7599.67
2531.00  7598.58
2532.00  7607.76
2533.00  7605.39
2534.00  7608.87
2535.00  7610.39
2536.00  7615.59
2537.00  7624.31
2538.00  7621.13
2539.00  7625.73
2540.00  7634.60
2541.00  7635.64
2542.00  7636.62
2543.00  7641.57
2544.00  7642.42
2545.00  7644.53
2546.00  7652.26
2547.00  7650.48
2548.00  7654.83
2549.00  7660.85
2550.00  7658.14
2551.00  7659.56
2552.00  7662.61
2553.00  7668.25
2554.00  7667.38
2555.00  7675.79
2556.00  7674.19
2557.00  7679.45
2558.00  7679.80
2559.00  7687.60
2560.00  7690.79
2561.00  7694.63
2562.00  7697.47
2563.00  7701.34
2564.00  7700.14
2565.00  7700.37
2566.00  7705.23
2567.00  7708.73
2568.00  7717.99
2569.00  7719.66
2570.00  7719.79
2571.00  7726.98
2572.00  7722.89
2573.00  7728.65
2574.00  7728.34
2575.00  7734.39
2576.00  7737.66
2577.00  7736.15
2578.00  7748.54
2579.00  7745.47
2580.00  7753.79
2581.00  7748.49
2582.00  7759.79
2583.00  7761.50
2584.00  7759.62
2585.00  7761.11
2586.00  7765.23
2587.00  7767.25
2588.00  7776.47
2589.00  7774.37
2590.00  7781.42
2591.00  7784.50
2592.00  7783.72
2593.00  7792.91
2594.00  7796.26
2595.00  7795.84
2596.00  7801.46
2597.00  7800.02
2598.00  7806.84
2599.00  7807.15
2600.00  7812.81
2601.00  7816.65
2602.00  7816.74
2603.00  7814.33
2604.00  7825.52
2605.00  7829.35
2606.00  7824.28
2607.00  7827.76
2608.00  7830.68
2609.00  7834.22
2610.00  7842.19
2611.00  7846.71
2612.00  7844.86
2613.00  7849.91
2614.00  7851.51
2615.00  7855.98
2616.00  7858.85
2617.00  7865.32
2618.00  7861.95
2619.00  7870.41
2620.00  7866.12
2621.00  7871.82
2622.00  7878.72
2623.00  7882.88
2624.00  7878.15
2625.00  7886.82
2626.00  7885.58
2627.00  7887.19
2628.00  7897.22
2629.00  7893.71
2630.00  7897.91
2631.00  7905.19
2632.00  7904.61
2633.00  7904.06
2634.00  7909.69
2635.00  7915.38
2636.00  7915.37
2637.00  7917.48
2638.00  7927.53
2639.00  7931.73
2640.00  7930.99
2641.00  7929.06
2642.00  7934.34
2643.00  7938.46
2644.00  7945.38
2645.00  7944.44
2646.00  7949.85
2647.00  7955.29
2648.00  7957.53
2649.00  7955.58
2650.00  7959.45
2651.00  7962.05
2652.00  7963.94
2653.00  7967.74
2654.00  7967.65
2655.00  7972.65
2656.00  7974.74
2657.00  7978.13
2658.00  7983.74
2659.00  7987.01
2660.00  7989.85
2661.00  7995.05
2662.00  7998.81
2663.00  8003.22
2664.00  8006.85
2665.00  8008.32
2666.00  8008.65
2667.00  8010.49
2668.00  8016.34
2669.00  8018.03
2670.00  8017.25
2671.00  8025.85
2672.00  8030.33
2673.00  8032.42
2674.00  8030.35
2675.00  8037.52
2676.00  8041.74
2677.00  8037.14
2678.00  8046.28
2679.00  8043.03
2680.00  8053.00
2681.00  8055.19
2682.00  8056.02
2683.00  8059.36
2684.00  8061.72
2685.00  8068.54
2686.00  8065.69
2687.00  8070.04
2688.00  8072.32
2689.00  8079.32
2690.00  8079.70
2691.00  8081.43
2692.00  8086.44
2693.00  8087.72
2694.00  8088.26
2695.00  8098.21
2696.00  8097.08
2697.00  8099.43
2698.00  8103.11
2699.00  8102.47
2700.00  8113.19
2701.00  8111.28
2702.00  8111.18
2703.00  8117.26
2704.00  8119.92
2705.00  8123.60
2706.00  8128.46
2707.00  8135.71
2708.00  8138.81
2709.00  8141.95
2710.00  8135.60
2711.00  8146.32
2712.00  8145.17
2713.00  8146.32
2714.00  8151.23
2715.00  8156.94
2716.00  8160.99
2717.00  8160.86
2718.00  8163.19
2719.00  8165.93
2720.00  8165.28
2721.00  8176.13
2722.00  8173.58
2723.00  8177.35
2724.00  8179.15
2725.00  8183.54
2726.00  8189.63
2727.00  8188.49
2728.00  8190.88
2729.00  8198.55
2730.00  8199.43
2731.00  8207.75
2732.00  8209.09
2733.00  8205.73
2734.00  8210.68
2735.00  8215.09
2736.00  8215.32
2737.00  8221.63
2738.00  8221.87
2739.00  8222.22
2740.00  8229.87
2741.00  8229.98
2742.00  8238.03
2743.00  8236.19
2744.00  8241.26
2745.00  8248.24
2746.00  8249.85
2747.00  8253.02
2748.00  8257.78
2749.00  8259.64
2750.00  8264.96
2751.00  8266.20
2752.00  8267.69
2753.00  8271.95
2754.00  8267.31
2755.00  8272.68
2756.00  8281.62
2757.00  8284.42
2758.00  8280.35
2759.00  8282.32
2760.00  8292.85
2761.00  8290.66
2762.00  8299.98
2763.00  8302.12
2764.00  8306.17
2765.00  8304.27
2766.00  8309.51
2767.00  8309.24
2768.00  8312.11
2769.00  8314.23
2770.00  8318.83
2771.00  8319.64
2772.00  8322.48
2773.00  8328.29
2774.00  8334.03
2775.00  8333.67
2776.00  8340.56
2777.00  8338.28
2778.00  8345.49
2779.00  8350.79
2780.00  8351.60
2781.00  8354.80
2782.00  8355.81
2783.00  8358.03
2784.00  8366.71
2785.00  8367.85
2786.00  8366.92
2787.00  8366.55
2788.00  8376.05
2789.00  8377.00
2790.00  8375.04
2791.00  8384.74
2792.00  8382.81
2793.00  8385.15
2794.00  8394.46
2795.00  8393.37
2796.00  8397.26
2797.00  8397.89
2798.00  8399.83
2799.00  8408.49
2800.00  8406.47
2801.00  8408.51
2802.00  8411.00
2803.00  8420.31
2804.00  8426.37
2805.00  8424.26
2806.00  8424.00
2807.00  8433.32
2808.00  8436.70
2809.00  8436.05
2810.00  8441.89
2811.00  8439.52
2812.00  8447.71
2813.00  8448.96
2814.00  8453.65
2815.00  8452.27
2816.00  8459.35
2817.00  8463.16
2818.00  8467.35
2819.00  8470.96
2820.00  8474.72
2821.00  8473.77
2822.00  8477.89
2823.00  8481.51
2824.00  8477.37
2825.00  8480.23
2826.00  8492.73
2827.00  8488.03
2828.00  8494.77
2829.00  8500.18
2830.00  8501.51
2831.00  8500.92
2832.00  8502.12
2833.00  8505.16
2834.00  8510.77
2835.00  8519.92
2836.00  8517.22
2837.00  8520.26
2838.00  8520.09
2839.00  8529.23
2840.00  8533.92
2841.00  8532.63
2842.00  8538.42
2843.00  8539.49
2844.00  8543.29
2845.00  8540.57
2846.00  8545.02
2847.00  8548.14
2848.00  8558.50
2849.00  8552.42
2850.00  8563.95
2851.00  8561.06
2852.00  8567.19
2853.00  8564.75
2854.00  8571.22
2855.00  8575.71
2856.00  8574.73
2857.00  8579.61
2858.00  8586.26
2859.00  8584.33
2860.00  8587.54
2861.00  8594.47
2862.00  8600.52
2863.00  8603.10
2864.00  8599.65
2865.00  8606.78
2866.00  8604.62
2867.00  8607.05
2868.00  8612.22
2869.00  8612.61
2870.00  8615.19
2871.00  8618.15
2872.00  8624.43
2873.00  8628.43
2874.00  8631.50
2875.00  8632.28
2876.00  8635.96
2877.00  8646.00
2878.00  8641.17
2879.00  8647.33
2880.00  8653.16
2881.00  8656.89
2882.00  8655.05
2883.00  8654.55
2884.00  8661.51
2885.00  8667.72
2886.00  8667.19
2887.00  8675.60
2888.00  8673.88
2889.00  8672.95
2890.00  8681.38
2891.00  8682.55
2892.00  8684.58
2893.00  8686.48
2894.00  8689.20
2895.00  8690.68
2896.00  8695.61
2897.00  8703.12
2898.00  8708.91
2899.00  8709.36
2900.00  8705.65
2901.00  8713.89
2902.00  8713.48
2903.00  8723.20
2904.00  8718.11
2905.00  8722.68
2906.00  8731.87
2907.00  8731.05
2908.00  8737.80
2909.00  8739.29
2910.00  8739.18
2911.00  8744.01
2912.00  8750.74
2913.00  8749.49
2914.00  8755.32
2915.00  8752.62
2916.00  8754.26
2917.00  8765.69
2918.00  8767.84
2919.00  8763.44
2920.00  8768.16
2921.00  8769.41
2922.00  8772.69
2923.00  8782.37
2924.00  8782.59
2925.00  8788.31
2926.00  8792.39
2927.00  8795.16
2928.00  8798.22
2929.00  8792.48
2930.00  8803.96
2931.00  8801.15
2932.00  8808.60
2933.00  8809.79
2934.00  8811.91
2935.00  8812.98
2936.00  8814.28
2937.00  8823.11
2938.00  8823.07
2939.00  8827.76
2940.00  8830.61
2941.00  8835.65
2942.00  8835.88
2943.00  8839.93
2944.00  8843.75
2945.00  8841.01
2946.00  8847.96
2947.00  8848.99
2948.00  8858.41
2949.00  8859.86
2950.00  8859.41
2951.00  8862.97
2952.00  8861.10
2953.00  8865.59
2954.00  8870.25
2955.00  8878.05
2956.00  8880.94
2957.00  8879.09
2958.00  8883.50
2959.00  8885.67
2960.00  8885.85
2961.00  8894.88
2962.00  8894.45
2963.00  8903.68
2964.00  8906.64
2965.00  8909.11
2966.00  8906.21
2967.00  8915.88
2968.00  8917.53
2969.00  8915.95
2970.00  8918.09
2971.00  8926.99
2972.00  8929.84
2973.00  8928.99
2974.00  8927.97
2975.00  8932.22
2976.00  8940.09
2977.00  8944.09
2978.00  8941.72
2979.00  8949.66
2980.00  8948.49
2981.00  8957.60
2982.00  8956.57
2983.00  8955.13
2984.00  8965.97
2985.00  8963.20
2986.00  8968.45
2987.00  8972.97
2988.00  8978.76
2989.00  8974.16
2990.00  8979.13
2991.00  8985.18
2992.00  8987.67
2993.00  8992.97
2994.00  8991.32
2995.00  8990.62
2996.00  8993.04
2997.00  8999.91
2998.00  9007.48
2999.00  9009.39
3000.00  9007.63
3001.00  9011.47
3002.00  9019.84
3003.00  9017.11
3004.00  9017.18
3005.00  9023.79
3006.00  9029.25
3007.00  9034.27
3008.00  9037.28
3009.00  9038.74
3010.00  9035.10
3011.00  9039.17
3012.00  9042.42
3013.00  9050.76
3014.00  9051.53
3015.00  9058.81
3016.00  9062.67
3017.00  9063.80
3018.00  9061.09
3019.00  9067.69
3020.00  9070.27
3021.00  9069.25
3022.00  9078.44
3023.00  9078.80
3024.00  9080.77
3025.00  9080.50
3026.00  9092.62
3027.00  9087.02
3028.00  9090.00
3029.00  9098.99
3030.00  9100.60
3031.00  9099.96
3032.00  9105.61
3033.00  9107.92
3034.00  9112.85
3035.00  9113.46
3036.00  9118.97
3037.00  9117.60
3038.00  9128.66
3039.00  9127.77
3040.00  9132.38
3041.00  9131.19
3042.00  9137.38
3043.00  9134.37
3044.00  9138.71
3045.00  9148.39
3046.00  9150.21
3047.00  9146.79
3048.00  9156.07
3049.00  9157.92
3050.00  9159.94
3051.00  9159.94
3052.00  9165.42
3053.00  9170.65
3054.00  9174.72
3055.00  9177.02
3056.00  9177.08
3057.00  9176.30
3058.00  9185.61
3059.00  9185.37
3060.00  9189.02
3061.00  9190.50
3062.00  9197.70
3063.00  9203.10
3064.00  9203.01
3065.00  9203.86
3066.00  9212.58
3067.00  9210.86
3068.00  9216.61
3069.00  9212.29
3070.00  9218.05
3071.00  9227.53
3072.00  9221.46
3073.00  9226.57
3074.00  9233.08
3075.00  9230.81
3076.00  9242.21
3077.00  9241.03
3078.00  9241.21
3079.00  9248.64
3080.00  9247.30
3081.00  9253.97
3082.00  9254.19
3083.00  9259.42
3084.00  9262.16
3085.00  9267.55
3086.00  9269.00
3087.00  9268.59
3088.00  9273.60
3089.00  9273.08
3090.00  9276.17
3091.00  9286.89
3092.00  9289.80
3093.00  9290.31
3094.00  9288.85
3095.00  9292.83
3096.00  9295.72
3097.00  9301.53
3098.00  9300.29
3099.00  9307.75
3100.00  9310.70
3101.00  9317.95
3102.00  9317.25
3103.00  9318.24
3104.00  9324.88
3105.00  9328.52
3106.00  9323.49
3107.00  9335.28
3108.00  9332.28
3109.00  9341.31
3110.00  9339.82
3111.00  9342.83
3112.00  9347.70
3113.00  9348.80
3114.00  9356.69
3115.00  9354.30
3116.00  9358.41
3117.00  9357.93
3118.00  9361.88
3119.00  9367.19
3120.00  9371.06
3121.00  9374.88
3122.00  9373.84
3123.00  9375.38
3124.00  9378.58
3125.00  9383.41
3126.00  9385.71
3127.00  9390.88
3128.00  9397.12
3129.00  9398.51
3130.00  9398.54
3131.00  9406.78
3132.00  9401.94
3133.00  9408.73
3134.00  9408.60
3135.00  9412.46
3136.00  9416.33
3137.00  9416.94
3138.00  9424.05
3139.00  9425.24
3140.00  9433.28
3141.00  9431.92
3142.00  9440.53
3143.00  9435.07
3144.00  9444.95
3145.00  9443.80
3146.00  9450.17
3147.00  9452.00
3148.00  9458.10
3149.00  9454.44
3150.00  9456.43
3151.00  9464.41
3152.00  9461.47
3153.00  9467.76
3154.00  9475.41
3155.00  9472.11
3156.00  9478.63
3157.00  9476.90
3158.00  9486.81
3159.00  9491.52
3160.00  9486.50
3161.00  9495.13
3162.00  9499.87
3163.00  9497.20
3164.00  9506.11
3165.00  9506.07
3166.00  9511.56
3167.00  9513.98
3168.00  9513.50
3169.00  9521.80
3170.00  9523.81
3171.00  9521.18
3172.00  9529.86
3173.00  9532.91
3174.00  9528.57
3175.00  9533.34
3176.00  9533.87
3177.00  9544.18
3178.00  9545.93
3179.00  9545.00
3180.00  9548.05
3181.00  9554.80
3182.00  9552.61
3183.00  9558.17
3184.00  9565.45
3185.00  9568.49
3186.00  9566.45
3187.00  9566.54
3188.00  9574.67
3189.00  9575.04
3190.00  9581.14
3191.00  9584.36
3192.00  9586.73
3193.00  9593.15
3194.00  9589.76
3195.00  9591.43
3196.00  9598.65
3197.00  9600.35
3198.00  9604.69
3199.00  9602.14
3200.00  9609.29
3201.00  9615.80
3202.00  9612.90
3203.00  9619.78
3204.00  9620.91
3205.00  9625.86
3206.00  9625.28
3207.00  9627.82
3208.00  9631.91
3209.00  9633.98
3210.00  9644.91
3211.00  9646.06
3212.00  9643.77
3213.00  9650.48
3214.00  9648.62
3215.00  9651.56
3216.00  9654.97
3217.00  9659.77
3218.00  9662.96
3219.00  9671.08
3220.00  9665.98
3221.00  9672.42
3222.00  9679.50
3223.00  9683.22
3224.00  9679.35
3225.00  9687.71
3226.00  9688.51
3227.00  9691.64
3228.00  9696.88
3229.00  9697.59
3230.00  9704.03
3231.00  9700.13
3232.00  9702.95
3233.00  9710.21
3234.00  9708.16
3235.00  9715.13
3236.00  9718.78
3237.00  9723.25
3238.00  9728.21
3239.00  9730.10
3240.00  9725.98
3241.00  9731.67
3242.00  9739.81
3243.00  9740.38
3244.00  9742.12
3245.00  9748.04
3246.00  9748.42
3247.00  9748.97
3248.00  9757.46
3249.00  9755.67
3250.00  9757.92
3251.00  9759.36
3252.00  9765.95
3253.00  9770.12
3254.00  9772.45
3255.00  9779.47
3256.00  9779.25
3257.00  9785.63
3258.00  9787.21
3259.00  9791.47
3260.00  9792.08
3261.00  9790.10
3262.00  9799.20
3263.00  9803.19
3264.00  9800.15
3265.00  9801.43
3266.00  9803.28
3267.00  9808.75
3268.00  9812.51
3269.00  9814.72
3270.00  9822.39
3271.00  9821.60
3272.00  9826.28
3273.00  9825.25
3274.00  9827.29
3275.00  9830.24
3276.00  9842.58
3277.00  9842.41
3278.00  9844.15
3279.00  9845.36
3280.00  9846.22
3281.00  9857.98
3282.00  9855.63
3283.00  9855.10
3284.00  9859.45
3285.00  9864.15
3286.00  9868.65
3287.00  9866.31
3288.00  9872.76
3289.00  9872.50
3290.00  9883.69
3291.00  9879.96
3292.00  9888.40
3293.00  9890.85
3294.00  9891.85
3295.00  9896.49
3296.00  9898.19
3297.00  9897.28
3298.00  9908.54
3299.00  9908.89
3300.00  9913.38
3301.00  9913.36
3302.00  9914.84
3303.00  9914.46
3304.00  9917.61
3305.00  9928.77
3306.00  9930.18
3307.00  9934.00
3308.00  9933.90
3309.00  9934.21
3310.00  9942.86
3311.00  9943.65
3312.00  9946.50
3313.00  9947.19
3314.00  9953.61
3315.00  9951.29
3316.00  9956.14
3317.00  9962.49
3318.00  9961.58
3319.00  9967.24
3320.00  9967.88
3321.00  9974.89
3322.00  9979.28
3323.00  9981.90
3324.00  9985.14
3325.00  9980.36
3326.00  9984.45
3327.00  9995.87
3328.00  9989.96
3329.00  9999.47
3330.00  9998.70
3331.00  10006.67
3332.00  10004.20
3333.00  10011.71
3334.00  10013.90
3335.00  10011.92
3336.00  10016.93
3337.00  10020.61
3338.00  10027.92
3339.00  10024.48
3340.00  10025.40
3341.00  10029.73
3342.00  10033.90
3343.00  10038.92
3344.00  10040.47
3345.00  10044.98
3346.00  10043.57
3347.00  10054.24
3348.00  10050.37
3349.00  10060.23
3350.00  10055.18
3351.00  10062.65
3352.00  10061.84
3353.00  10068.32
3354.00  10074.80
3355.00  10071.98
3356.00  10075.88
3357.00  10080.20
3358.00  10085.12
3359.00  10090.86
3360.00  10085.56
3361.00  10094.81
3362.00  10097.85
3363.00  10094.97
3364.00  10106.06
3365.00  10100.83
3366.00  10108.80
3367.00  10108.39
3368.00  10116.83
3369.00  10112.86
3370.00  10117.42
3371.00  10121.27
3372.00  10124.58
3373.00  10128.61
3374.00  10128.44
3375.00  10138.01
3376.00  10134.76
3377.00  10139.47
3378.00  10143.26
3379.00  10149.11
3380.00  10153.62
3381.00  10148.96
3382.00  10155.69
3383.00  10156.06
3384.00  10162.46
3385.00  10161.55
3386.00  10166.62
3387.00  10170.53
3388.00  10173.15
3389.00  10180.92
3390.00  10180.42
3391.00  10187.17
3392.00  10182.43
3393.00  10189.51
3394.00  10192.81
3395.00  10195.78
3396.00  10201.16
3397.00  10197.06
3398.00  10202.07
3399.00  10207.05
3400.00  10211.99
3401.00  10217.47
3402.00  10219.06
3403.00  10215.78
3404.00  10223.90
3405.00  10223.72
3406.00  10227.38
3407.00  10227.25
3408.00  10233.71
3409.00  10237.77
3410.00  10238.61
3411.00  10238.48
3412.00  10242.84
3413.00  10244.19
3414.00  10257.00
3415.00  10254.60
3416.00  10259.89
3417.00  10258.13
3418.00  10261.01
3419.00  10266.27
3420.00  10269.54
3421.00  10273.63
3422.00  10273.75
3423.00  10279.31
3424.00  10281.91
3425.00  10281.73
3426.00  10291.95
3427.00  10290.00
3428.00  10293.53
3429.00  10293.81
3430.00  10304.25
3431.00  10303.65
3432.00  10310.34
3433.00  10308.27
3434.00  10316.47
3435.00  10314.05
3436.00  10317.78
3437.00  10324.94
3438.00  10320.32
3439.00  10326.93
3440.00  10329.88
3441.00  10333.57
3442.00  10333.47
3443.00  10337.98
3444.00  10338.02
3445.00  10343.12
3446.00  10345.50
3447.00  10352.54
3448.00  10358.74
3449.00  10356.10
3450.00  10360.22
3451.00  10363.25
3452.00  10366.48
3453.00  10365.39
3454.00  10370.99
3455.00  10379.71
3456.00  10376.54
3457.00  10382.22
3458.00  10383.77
3459.00  10385.65
3460.00  10385.40
3461.00  10389.93
3462.00  10391.12
3463.00  10402.08
3464.00  10404.93
3465.00  10408.09
3466.00  10407.31
3467.00  10412.19
3468.00  10416.06
3469.00  10421.75
3470.00  10416.82
3471.00  10418.07
3472.00  10423.19
3473.00  10431.61
3474.00  10433.55
3475.00  10432.95
3476.00  10440.62
3477.00  10440.75
3478.00  10442.93
3479.00  10448.88
3480.00  10446.94
3481.00  10454.44
3482.00  10454.62
3483.00  10460.82
3484.00  10458.48
3485.00  10462.30
3486.00  10470.99
3487.00  10473.38
3488.00  10472.91
3489.00  10475.41
3490.00  10478.60
3491.00  10481.78
3492.00  10488.56
3493.00  10484.64
3494.00  10493.60
3495.00  10499.57
3496.00  10502.15
3497.00  10496.73
3498.00  10499.74
3499.00  10503.40
3500.00  10512.52
3501.00  10517.49
3502.00  10511.09
3503.00  10518.63
3504.00  10520.51
3505.00  10528.24
3506.00  10526.21
3507.00  10532.71
3508.00  10537.07
3509.00  10532.32
3510.00  10536.57
3511.00  10539.85
3512.00  10548.27
3513.00  10548.97
3514.00  10556.65
3515.00  10553.29
3516.00  10561.88
3517.00  10560.04
3518.00  10567.06
3519.00  10565.78
3520.00  10569.58
3521.00  10568.43
3522.00  10572.68
3523.00  10580.54
3524.00  10579.78
3525.00  10584.73
3526.00  10587.01
3527.00  10590.40
3528.00  10593.61
3529.00  10598.22
3530.00  10596.03
3531.00  10600.52
3532.00  10608.26
3533.00  10613.72
3534.00  10615.50
3535.00  10613.57
3536.00  10614.85
3537.00  10623.27
3538.00  10628.59
3539.00  10625.98
3540.00  10631.01
3541.00  10630.95
3542.00  10634.85
3543.00  10636.53
3544.00  10642.10
3545.00  10649.32
3546.00  10644.62
3547.00  10655.09
3548.00  10655.26
3549.00  10653.77
3550.00  10661.14
3551.00  10663.36
3552.00  10670.83
3553.00  10671.94
3554.00  10676.59
3555.00  10672.57
3556.00  10678.13
3557.00  10681.49
3558.00  10681.05
3559.00  10688.13
3560.00  10686.90
3561.00  10696.53
3562.00  10700.60
3563.00  10695.66
3564.00  10703.02
3565.00  10701.53
3566.00  10710.73
3567.00  10711.30
3568.00  10712.82
3569.00  10713.84
3570.00  10719.97
3571.00  10721.19
3572.00  10724.11
3573.00  10725.19
3574.00  10731.63
3575.00  10731.77
3576.00  10737.32
3577.00  10740.19
3578.00  10746.41
3579.00  10744.05
3580.00  10749.65
3581.00  10748.90
3582.00  10752.99
3583.00  10757.08
3584.00  10765.31
3585.00  10769.04
3586.00  10771.68
3587.00  10768.74
3588.00  10769.27
3589.00  10781.74
3590.00  10778.67
3591.00  10778.76
3592.00  10785.86
3593.00  10793.96
3594.00  10789.75
3595.00  10798.64
3596.00  10799.03
3597.00  10802.93
3598.00  10802.97
3599.00  10811.68
3600.00  10807.73
3601.00  10811.47
3602.00  10816.72
3603.00  10817.96
3604.00  10825.58
3605.00  10828.21
3606.00  10826.69
3607.00  10829.80
3608.00  10838.46
3609.00  10835.69
3610.00  10844.03
3611.00  10845.21
3612.00  10847.80
3613.00  10850.73
3614.00  10855.97
3615.00  10859.77
3616.00  10854.05
3617.00  10861.32
3618.00  10859.94
3619.00  10865.09
3620.00  10874.55
3621.00  10871.42
3622.00  10879.52
3623.00  10876.05
3624.00  10880.77
3625.00  10884.27
3626.00  10883.28
3627.00  10892.77
3628.00  10898.13
3629.00  10899.79
3630.00  10903.80
3631.00  10907.28
3632.00  10904.28
3633.00  10910.78
3634.00  10916.72
3635.00  10911.20
3636.00  10913.11
3637.00  10921.24
3638.00  10922.47
3639.00  10924.93
3640.00  10931.98
3641.00  10930.57
3642.00  10938.39
3643.00  10939.49
3644.00  10940.29
3645.00  10945.64
3646.00  10944.32
3647.00  10947.31
3648.00  10954.52
3649.00  10954.12
3650.00  10962.03
3651.00  10966.96
3652.00  10970.43
3653.00  10965.80
3654.00  10972.90
3655.00  10970.98
3656.00  10975.17
3657.00  10979.26
3658.00  10981.46
3659.00  10987.94
3660.00  10986.31
3661.00  10992.59
3662.00  10993.24
3663.00  11000.42
3664.00  11006.38
3665.00  11006.05
3666.00  11010.18
3667.00  11007.40
3668.00  11015.37
3669.00  11018.33
3670.00  11023.12
3671.00  11026.74
3672.00  11024.71
3673.00  11027.40
3674.00  11034.75
3675.00  11030.26
3676.00  11039.02
3677.00  11039.35
3678.00  11039.88
3679.00  11046.52
3680.00  11045.18
3681.00  11050.07
3682.00  11051.72
3683.00  11054.60
3684.00  11062.58
3685.00  11060.63
3686.00  11067.01
3687.00  11068.37
3688.00  11073.86
3689.00  11074.73
3690.00  11076.63
3691.00  11084.50
3692.00  11084.71
3693.00  11086.08
3694.00  11091.29
3695.00  11092.12
3696.00  11101.36
3697.00  11102.97
3698.00  11103.88
3699.00  11108.08
3700.00  11108.99
3701.00  11115.24
3702.00  11115.50
3703.00  11120.54
3704.00  11126.12
3705.00  11126.98
3706.00  11126.20
3707.00  11133.09
3708.00  11134.48
3709.00  11136.18
3710.00  11141.39
3711.00  11140.98
3712.00  11144.84
3713.00  11150.14
3714.00  11153.80
3715.00  11152.54
3716.00  11161.60
3717.00  11163.84
3718.00  11162.28
3719.00  11167.83
3720.00  11171.86
3721.00  11170.42
3722.00  11178.96
3723.00  11178.89
3724.00  11179.92
3725.00  11186.72
3726.00  11184.39
3727.00  11189.44
3728.00  11190.03
3729.00  11193.85
3730.00  11203.61
3731.00  11205.87
3732.00  11205.47
3733.00  11205.37
3734.00  11209.17
3735.00  11216.50
3736.00  11222.21
3737.00  11222.96
3738.00  11223.45
3739.00  11226.25
3740.00  11225.72
3741.00  11230.13
3742.00  11232.69
3743.00  11242.27
3744.00  11244.99
3745.00  11241.95
3746.00  11246.71
3747.00  11253.76
3748.00  11253.09
3749.00  11259.33
3750.00  11258.95
3751.00  11261.90
3752.00  11269.12
3753.00  11267.74
3754.00  11274.12
3755.00  11270.95
3756.00  11275.96
3757.00  11283.87
3758.00  11288.87
3759.00  11288.28
3760.00  11294.91
3761.00  11294.41
3762.00  11300.27
3763.00  11301.17
3764.00  11299.25
3765.00  11302.79
3766.00  11303.29
3767.00  11308.51
3768.00  11310.31
3769.00  11317.78
3770.00  11322.89
3771.00  11323.65
3772.00  11322.68
3773.00  11331.87
3774.00  11335.08
3775.00  11332.35
3776.00  11335.52
3777.00  11339.82
3778.00  11340.31
3779.00  11344.26
3780.00  11353.03
3781.00  11351.48
3782.00  11358.99
3783.00  11358.78
3784.00  11357.70
3785.00  11368.61
3786.00  11371.93
3787.00  11375.22
3788.00  11375.61
3789.00  11375.04
3790.00  11380.98
3791.00  11378.20
3792.00  11384.76
3793.00  11387.97
3794.00  11396.00
3795.00  11398.87
3796.00  11402.00
3797.00  11401.19
3798.00  11403.10
3799.00  11402.53
3800.00  11407.47
3801.00  11412.05
3802.00  11417.75
3803.00  11417.57
3804.00  11419.15
3805.00  11424.82
3806.00  11432.13
3807.00  11432.26
3808.00  11436.17
3809.00  11438.70
3810.00  11440.81
3811.00  11441.88
3812.00  11445.91
3813.00  11453.81
3814.00  11452.28
3815.00  11455.35
3816.00  11456.69
3817.00  11461.29
3818.00  11468.16
3819.00  11469.52
3820.00  11465.99
3821.00  11474.90
3822.00  11473.95
3823.00  11475.58
3824.00  11485.89
3825.00  11480.83
3826.00  11491.31
3827.00  11493.59
3828.00  11490.45
3829.00  11493.68
3830.00  11496.11
3831.00  11500.88
3832.00  11503.77
3833.00  11512.01
3834.00  11509.86
3835.00  11516.01
3836.00  11513.55
3837.00  11525.01
3838.00  11523.24
3839.00  11526.29
3840.00  11527.75
3841.00  11534.91
3842.00  11535.51
3843.00  11538.25
3844.00  11546.27
3845.00  11545.62
3846.00  11544.50
3847.00  11548.60
3848.00  11555.23
3849.00  11556.60
3850.00  11556.65
3851.00  11560.73
3852.00  11561.33
3853.00  11573.38
3854.00  11570.24
3855.00  11575.89
3856.00  11581.85
3857.00  11581.61
3858.00  11580.70
3859.00  11588.92
3860.00  11594.52
3861.00  11594.15
3862.00  11597.73
3863.00  11601.48
3864.00  11602.46
3865.00  11601.91
3866.00  11603.07
3867.00  11606.27
3868.00  11616.96
3869.00  11620.84
3870.00  11616.28
3871.00  11620.05
3872.00  11629.63
3873.00  11633.57
3874.00  11632.78
3875.00  11634.01
3876.00  11637.82
3877.00  11638.63
3878.00  11643.70
3879.00  11648.77
3880.00  11645.28
3881.00  11648.35
3882.00  11660.65
3883.00  11660.94
3884.00  11664.08
3885.00  11668.77
3886.00  11670.54
3887.00  11667.19
3888.00  11676.82
3889.00  11673.49
3890.00  11678.43
3891.00  11678.85
3892.00  11688.74
3893.00  11690.07
3894.00  11691.12
3895.00  11695.66
3896.00  11696.85
3897.00  11700.67
3898.00  11699.38
3899.00  11705.76
3900.00  11711.24
3901.00  11713.88
3902.00  11720.66
3903.00  11719.52
3904.00  11722.07
3905.00  11721.00
3906.00  11730.83
3907.00  11728.40
3908.00  11738.62
3909.00  11735.27
3910.00  11741.32
3911.00  11744.58
3912.00  11747.58
3913.00  11748.97
3914.00  11751.91
3915.00  11752.07
3916.00  11753.35
3917.00  11759.01
3918.00  11768.14
3919.00  11763.80
3920.00  11766.49
3921.00  11777.99
3922.00  11779.72
3923.00  11783.25
3924.00  11786.54
3925.00  11785.71
3926.00  11789.95
3927.00  11795.52
3928.00  11791.48
3929.00  11796.02
3930.00  11802.02
3931.00  11804.03
3932.00  11803.48
3933.00  11811.76
3934.00  11812.55
3935.00  11815.52
3936.00  11821.84
3937.00  11816.62
3938.00  11820.75
3939.00  11827.47
3940.00  11827.82
3941.00  11831.83
3942.00  11835.89
3943.00  11836.85
3944.00  11840.92
3945.00  11845.11
3946.00  11847.72
3947.00  11849.09
3948.00  11858.28
3949.00  11854.51
3950.00  11862.71
3951.00  11858.60
3952.00  11863.65
3953.00  11869.64
3954.00  11870.85
3955.00  11876.32
3956.00  11875.61
3957.00  11878.21
3958.00  11882.44
3959.00  11891.06
3960.00  11894.89
3961.00  11889.88
3962.00  11900.71
3963.00  11900.33
3964.00  11904.37
3965.00  11904.51
3966.00  11910.69
3967.00  11906.70
3968.00  11913.98
3969.00  11917.42
3970.00  11920.22
3971.00  11918.57
3972.00  11929.13
3973.00  11926.42
3974.00  11934.25
3975.00  11936.13
3976.00  11940.28
3977.00  11937.44
3978.00  11943.88
3979.00  11948.96
3980.00  11949.41
3981.00  11949.34
3982.00  11956.31
3983.00  11961.63
3984.00  11962.87
3985.00  11966.86
3986.00  11968.25
3987.00  11971.02
3988.00  11977.17
3989.00  11974.02
3990.00  11978.00
3991.00  11978.27
3992.00  11983.68
3993.00  11993.36
3994.00  11987.69
3995.00  11992.19
3996.00  11999.97
3997.00  12005.81
3998.00  12006.93
3999.00  12006.83
4000.00  12009.45
4001.00  12012.69
4002.00  12012.71
4003.00  12021.18
4004.00  12018.15
4005.00  12021.43
4006.00  12025.90
4007.00  12031.78
4008.00  12030.80
4009.00  12033.56
4010.00  12036.24
4011.00  12043.68
4012.00  12050.97
4013.00  12053.51
4014.00  12050.86
4015.00  12057.77
4016.00  12055.93
4017.00  12065.50
4018.00  12062.14
4019.00  12064.63
4020.00  12069.35
4021.00  12077.32
4022.00  12075.42
4023.00  12078.25
4024.00  12081.37
4025.00  12085.47
4026.00  12090.08
4027.00  12094.26
4028.00  12097.53
4029.00  12095.54
4030.00  12101.69
4031.00  12101.80
4032.00  12104.89
4033.00  12111.04
4034.00  12108.37
4035.00  12114.46
4036.00  12119.46
4037.00  12117.49
4038.00  12122.03
4039.00  12125.79
4040.00  12134.39
4041.00  12128.81
4042.00  12133.67
4043.00  12138.93
4044.00  12140.07
4045.00  12149.39
4046.00  12152.70
4047.00  12151.09
4048.00  12150.75
4049.00  12154.86
4050.00  12161.75
4051.00  12159.44
4052.00  12170.08
4053.00  12173.62
4054.00  12172.07
4055.00  12173.03
4056.00  12177.24
4057.00  12183.63
4058.00  12188.77
4059.00  12189.88
4060.00  12187.18
4061.00  12188.89
4062.00  12197.12
4063.00  12198.35
4064.00  12206.25
4065.00  12200.90
4066.00  12209.98
4067.00  12207.08
4068.00  12211.57
4069.00  12217.68
4070.00  12219.85
4071.00  12223.65
4072.00  12223.19
4073.00  12225.11
4074.00  12231.94
4075.00  12231.41
4076.00  12237.66
4077.00  12236.54
4078.00  12241.65
4079.00  12250.64
4080.00  12248.93
4081.00  12254.25
4082.00  12259.03
4083.00  12254.74
4084.00  12261.46
4085.00  12263.17
4086.00  12264.35
4087.00  12268.59
4088.00  12276.05
4089.00  12280.88
4090.00  12284.36
4091.00  12282.34
4092.00  12283.17
4093.00  12292.74
4094.00  12290.68
4095.00  12299.56
4096.00  12300.72
4097.00  12299.25
4098.00  12305.83
4099.00  12307.65
4100.00  12311.05
4101.00  12308.19
4102.00  12313.56
4103.00  12317.75
4104.00  12326.77
4105.00  12323.13
4106.00  12331.08
4107.00  12331.92
4108.00  12334.00
4109.00  12334.71
4110.00  12341.15
4111.00  12346.38
4112.00  12349.33
4113.00  12348.08
4114.00  12347.41
4115.00  12359.42
4116.00  12356.97
4117.00  12365.23
4118.00  12362.94
4119.00  12369.10
4120.00  12365.49
4121.00  12368.55
4122.00  12375.25
4123.00  12383.77
4124.00  12386.02
4125.00  12387.88
4126.00  12391.62
4127.00  12395.82
4128.00  12396.63
4129.00  12400.80
4130.00  12401.39
4131.00  12401.92
4132.00  12405.88
4133.00  12408.31
4134.00  12409.64
4135.00  12412.04
4136.00  12413.32
4137.00  12424.54
4138.00  12426.17
4139.00  12427.85
4140.00  12432.14
4141.00  12430.81
4142.00  12432.41
4143.00  12443.00
4144.00  12446.19
4145.00  12444.36
4146.00  12446.07
4147.00  12450.18
4148.00  12455.74
4149.00  12453.51
4150.00  12459.76
4151.00  12463.12
4152.00  12463.59
4153.00  12467.22
4154.00  12476.04
4155.00  12476.17
4156.00  12482.14
4157.00  12479.70
4158.00  12486.52
4159.00  12491.98
4160.00  12493.23
4161.00  12493.66
4162.00  12491.51
4163.00  12495.14
4164.00  12497.14
4165.00  12508.89
4166.00  12505.32
4167.00  12513.69
4168.00  12510.25
4169.00  12520.62
4170.00  12520.72
4171.00  12521.04
4172.00  12528.20
4173.00  12524.47
4174.00  12531.26
4175.00  12535.42
4176.00  12540.83
4177.00  12545.82
4178.00  12542.00
4179.00  12546.67
4180.00  12546.45
4181.00  12553.06
4182.00  12554.84
4183.00  12562.27
4184.00  12557.05
4185.00  12564.06
4186.00  12568.36
4187.00  12571.92
4188.00  12570.50
4189.00  12579.51
4190.00  12580.45
4191.00  12581.65
4192.00  12589.70
4193.00  12593.76
4194.00  12594.20
4195.00  12593.23
4196.00  12602.85
4197.00  12601.54
4198.00  12608.42
4199.00  12605.43
4200.00  12610.08
4201.00  12616.37
4202.00  12616.08
4203.00  12621.41
4204.00  12626.46
4205.00  12620.62
4206.00  12627.42
4207.00  12628.84
4208.00  12632.45
4209.00  12641.06
4210.00  12643.97
4211.00  12646.66
4212.00  12644.87
4213.00  12645.90
4214.00  12649.67
4215.00  12652.13
4216.00  12655.85
4217.00  12662.20
4218.00  12668.21
4219.00  12664.81
4220.00  12669.18
4221.00  12675.03
4222.00  12672.84
4223.00  12681.20
4224.00  12681.57
4225.00  12685.73
4226.00  12684.90
4227.00  12691.93
4228.00  12696.32
4229.00  12700.43
4230.00  12704.67
4231.00  12698.97
4232.00  12706.99
4233.00  12711.93
4234.00  12710.77
4235.00  12714.64
4236.00  12716.66
4237.00  12725.58
4238.00  12726.14
4239.00  12722.66
4240.00  12728.49
4241.00  12733.35
4242.00  12731.70
4243.00  12742.63
4244.00  12738.61
4245.00  12748.75
4246.00  12745.30
4247.00  12749.15
4248.00  12752.68
4249.00  12758.81
4250.00  12761.21
4251.00  12761.94
4252.00  12768.29
4253.00  12773.34
4254.00  12772.64
4255.00  12777.80
4256.00  12776.25
4257.00  12785.97
4258.00  12781.39
4259.00  12786.09
4260.00  12791.84
4261.00  12796.83
4262.00  12793.98
4263.00  12800.43
4264.00  12798.15
4265.00  12802.66
4266.00  12809.30
4267.00  12806.30
4268.00  12809.34
4269.00  12815.80
4270.00  12819.28
4271.00  12825.11
4272.00  12822.62
4273.00  12827.98
4274.00  12828.44
4275.00  12836.46
4276.00  12839.46
4277.00  12843.28
4278.00  12848.03
4279.00  12851.16
4280.00  12850.38
4281.00  12849.13
4282.00  12852.79
4283.00  12854.20
4284.00  12860.58
4285.00  12867.37
4286.00  12869.93
4287.00  12869.65
4288.00  12874.64
4289.00  12876.44
4290.00  12884.22
4291.00  12887.06
4292.00  12888.85
4293.00  12888.37
4294.00  12887.98
4295.00  12891.01
4296.00  12898.07
4297.00  12899.63
4298.00  12901.80
4299.00  12905.65
4300.00  12913.96
4301.00  12916.63
4302.00  12918.28
4303.00  12915.00
4304.00  12923.05
4305.00  12923.77
4306.00  12931.87
4307.00  12931.33
4308.00  12934.66
4309.00  12935.14
4310.00  12942.52
4311.00  12947.63
4312.00  12948.46
4313.00  12947.85
4314.00  12948.00
4315.00  12955.82
4316.00  12956.14
4317.00  12957.18
4318.00  12966.93
4319.00  12966.52
4320.00  12968.12
4321.00  12976.80
4322.00  12976.02
4323.00  12975.11
4324.00  12980.77
4325.00  12984.37
4326.00  12989.79
4327.00  12992.77
4328.00  12993.91
4329.00  12997.08
4330.00  12997.36
4331.00  12999.48
4332.00  13005.23
4333.00  13005.90
4334.00  13012.40
4335.00  13018.99
4336.00  13015.61
4337.00  13023.44
4338.00  13021.56
4339.00  13025.09
4340.00  13027.97
4341.00  13034.98
4342.00  13035.04
4343.00  13039.45
4344.00  13039.55
4345.00  13047.83
4346.00  13051.99
4347.00  13053.55
4348.00  13055.22
4349.00  13060.02
4350.00  13061.87
4351.00  13060.34
4352.00  13070.36
4353.00  13068.87
4354.00  13075.14
4355.00  13074.14
4356.00  13081.19
4357.00  13081.45
4358.00  13082.82
4359.00  13088.35
4360.00  13089.00
4361.00  13092.58
4362.00  13096.05
4363.00  13094.21
4364.00  13098.85
4365.00  13108.82
4366.00  13107.10
4367.00  13107.40
4368.00  13115.65
4369.00  13113.95
4370.00  13120.04
4371.00  13120.04
4372.00  13127.25
4373.00  13132.42
4374.00  13128.50
4375.00  13134.15
4376.00  13134.95
4377.00  13139.46
4378.00  13147.10
4379.00  13146.05
4380.00  13149.15
4381.00  13149.21
4382.00  13155.35
4383.00  13158.20
4384.00  13160.09
4385.00  13167.99
4386.00  13164.46
4387.00  13175.58
4388.00  13176.81
4389.00  13178.85
4390.00  13181.06
4391.00  13178.88
4392.00  13190.52
4393.00  13184.45
4394.00  13196.55
4395.00  13192.86
4396.00  13196.43
4397.00  13199.04
4398.00  13205.82
4399.00  13211.02
4400.00  13208.43
4401.00  13211.40
4402.00  13214.92
4403.00  13223.70
4404.00  13218.06
4405.00  13222.28
4406.00  13231.94
4407.00  13235.41
4408.00  13231.88
4409.00  13233.82
4410.00  13238.37
4411.00  13238.05
4412.00  13241.12
4413.00  13250.39
4414.00  13256.42
4415.00  13250.30
4416.00  13257.24
4417.00  13257.52
4418.00  13260.10
4419.00  13269.57
4420.00  13274.28
4421.00  13272.90
4422.00  13271.44
4423.00  13279.47
4424.00  13277.96
4425.00  13289.48
4426.00  13283.69
4427.00  13290.16
4428.00  13297.38
4429.00  13292.81
4430.00  13302.08
4431.00  13306.43
4432.00  13304.75
4433.00  13307.31
4434.00  13309.11
4435.00  13317.62
4436.00  13320.97
4437.00  13320.03
4438.00  13321.63
4439.00  13329.43
4440.00  13327.87
4441.00  13333.60
4442.00  13339.25
4443.00  13334.65
4444.00  13338.14
4445.00  13347.73
4446.00  13346.01
4447.00  13355.08
4448.00  13352.48
4449.00  13361.76
4450.00  13358.10
4451.00  13363.68
4452.00  13363.58
4453.00  13366.79
4454.00  13373.75
4455.00  13377.40
4456.00  13376.74
4457.00  13376.22
4458.00  13387.01
4459.00  13386.45
4460.00  13385.18
4461.00  13397.25
4462.00  13395.57
4463.00  13395.51
4464.00  13400.82
4465.00  13408.46
4466.00  13412.22
4467.00  13414.70
4468.00  13413.09
4469.00  13420.44
4470.00  13424.35
4471.00  13420.43
4472.00  13421.48
4473.00  13425.91
4474.00  13434.93
4475.00  13431.18
4476.00  13433.99
4477.00  13443.33
4478.00  13446.97
4479.00  13447.71
4480.00  13447.73
4481.00  13455.99
4482.00  13458.46
4483.00  13456.33
4484.00  13460.08
4485.00  13463.33
4486.00  13471.39
4487.00  13473.74
4488.00  13473.78
4489.00  13480.74
4490.00  13483.10
4491.00  13484.91
4492.00  13486.90
4493.00  13491.60
4494.00  13495.36
4495.00  13499.19
4496.00  13498.26
4497.00  13504.76
4498.00  13507.23
4499.00  13511.67
4500.00  13511.84
4501.00  13510.59
4502.00  13518.57
4503.00  13518.49
4504.00  13521.78
4505.00  13524.96
4506.00  13529.16
4507.00  13529.23
4508.00  13534.94
4509.00  13539.65
4510.00  13535.27
4511.00  13541.78
4512.00  13550.14
4513.00  13551.37
4514.00  13549.45
4515.00  13557.27
4516.00  13555.93
4517.00  13560.25
4518.00  13564.24
4519.00  13563.54
4520.00  13568.39
4521.00  13568.98
4522.00  13578.83
4523.00  13582.68
4524.00  13582.40
4525.00  13581.33
4526.00  13586.23
4527.00  13586.66
4528.00  13591.02
4529.00  13601.82
4530.00  13600.53
4531.00  13603.46
4532.00  13603.43
4533.00  13610.74
4534.00  13614.65
4535.00  13615.91
4536.00  13622.04
4537.00  13622.97
4538.00  13622.95
4539.00  13629.32
4540.00  13626.92
4541.00  13630.86
4542.00  13633.39
4543.00  13640.95
4544.00  13645.64
4545.00  13646.03
4546.00  13647.83
4547.00  13648.68
4548.00  13650.30
4549.00  13655.90
4550.00  13658.21
4551.00  13660.46
4552.00  13668.97
4553.00  13668.04
4554.00  13676.45
4555.00  13673.37
4556.00  13675.07
4557.00  13680.81
4558.00  13681.99
4559.00  13688.81
4560.00  13690.26
4561.00  13695.30
4562.00  13692.33
4563.00  13696.87
4564.00  13705.33
4565.00  13700.41
4566.00  13712.52
4567.00  13709.04
4568.00  13710.81
4569.00  13721.25
4570.00  13719.29
4571.00  13721.38
4572.00  13722.62
4573.00  13731.17
4574.00  13728.23
4575.00  13730.85
4576.00  13739.19
4577.00  13743.64
4578.00  13746.27
4579.00  13748.96
4580.00  13750.95
4581.00  13748.87
4582.00  13755.90
4583.00  13762.36
4584.00  13763.20
4585.00  13760.65
4586.00  13771.44
4587.00  13771.06
4588.00  13772.38
4589.00  13780.15
4590.00  13775.35
4591.00  13785.95
4592.00  13789.19
4593.00  13791.52
4594.00  13793.08
4595.00  13798.10
4596.00  13799.22
4597.00  13802.71
4598.00  13808.87
4599.00  13811.68
4600.00  13814.50
4601.00  13816.66
4602.00  13815.74
4603.00  13817.78
4604.00  13825.23
4605.00  13823.45
4606.00  13829.84
4607.00  13833.25
4608.00  13829.57
4609.00  13835.44
4610.00  13844.69
4611.00  13844.66
4612.00  13844.29
4613.00  13848.19
4614.00  13856.75
4615.00  13857.13
4616.00  13854.49
4617.00  13858.55
4618.00  13863.16
4619.00  13863.23
4620.00  13871.36
4621.00  13870.67
4622.00  13874.77
4623.00  13874.24
4624.00  13877.89
4625.00  13886.19
4626.00  13892.96
4627.00  13893.82
4628.00  13891.16
4629.00  13900.78
4630.00  13896.33
4631.00  13901.92
4632.00  13901.18
4633.00  13907.32
4634.00  13916.95
4635.00  13915.63
4636.00  13913.41
4637.00  13919.02
4638.00  13922.16
4639.00  13923.44
4640.00  13933.02
4641.00  13936.70
4642.00  13940.37
4643.00  13940.08
4644.00  13945.32
4645.00  13940.12
4646.00  13945.40
4647.00  13946.64
4648.00  13957.66
4649.00  13960.50
4650.00  13957.17
4651.00  13960.43
4652.00  13963.60
4653.00  13964.09
4654.00  13969.64
4655.00  13976.61
4656.00  13979.24
4657.00  13978.69
4658.00  13982.32
4659.00  13991.61
4660.00  13985.69
4661.00  13996.86
4662.00  13993.35
4663.00  14000.19
4664.00  14005.53
4665.00  14009.44
4666.00  14010.65
4667.00  14013.54
4668.00  14011.05
4669.00  14012.14
4670.00  14021.29
4671.00  14023.99
4672.00  14026.83
4673.00  14032.61
4674.00  14036.72
4675.00  14039.59
4676.00  14033.13
4677.00  14044.26
4678.00  14042.02
4679.00  14044.43
4680.00  14051.81
4681.00  14053.42
4682.00  14057.55
4683.00  14058.31
4684.00  14066.83
4685.00  14061.26
4686.00  14071.35
4687.00  14074.55
4688.00  14074.22
4689.00  14073.65
4690.00  14076.80
4691.00  14078.27
4692.00  14084.67
4693.00  14085.87
4694.00  14096.28
4695.00  14092.69
4696.00  14095.27
4697.00  14098.39
4698.00  14100.54
4699.00  14106.10
4700.00  14112.11
4701.00  14109.61
4702.00  14111.54
4703.00  14120.25
4704.00  14121.52
4705.00  14127.15
4706.00  14126.67
4707.00  14127.59
4708.00  14138.25
4709.00  14135.41
4710.00  14142.58
4711.00  14145.03
4712.00  14143.70
4713.00  14148.40
4714.00  14148.39
4715.00  14152.95
4716.00  14156.22
4717.00  14156.79
4718.00  14168.58
4719.00  14165.11
4720.00  14168.81
4721.00  14177.18
4722.00  14179.43
4723.00  14174.26
4724.00  14178.42
4725.00  14182.92
4726.00  14183.03
4727.00  14186.64
4728.00  14198.26
4729.00  14196.83
4730.00  14195.47
4731.00  14204.11
4732.00  14207.12
4733.00  14205.15
4734.00  14212.24
4735.00  14216.15
4736.00  14219.34
4737.00  14221.62
4738.00  14221.25
4739.00  14222.14
4740.00  14231.87
4741.00  14228.17
4742.00  14231.26
4743.00  14237.09
4744.00  14246.62
4745.00  14243.94
4746.00  14247.13
4747.00  14247.79
4748.00  14251.65
4749.00  14252.29
4750.00  14259.24
4751.00  14258.17
4752.00  14264.21
4753.00  14265.37
4754.00  14275.43
4755.00  14272.23
4756.00  14276.18
4757.00  14276.76
4758.00  14279.18
4759.00  14288.06
4760.00  14291.95
4761.00  14289.37
4762.00  14300.86
4763.00  14302.61
4764.00  14305.62
4765.00  14309.38
4766.00  14305.35
4767.00  14311.09
4768.00  14310.89
4769.00  14316.59
4770.00  14319.21
4771.00  14319.80
4772.00  14323.01
4773.00  14331.94
4774.00  14336.74
4775.00  14334.97
4776.00  14339.65
4777.00  14337.34
4778.00  14344.04
4779.00  14350.10
4780.00  14346.38
4781.00  14353.70
4782.00  14357.85
4783.00  14360.69
4784.00  14363.60
4785.00  14363.82
4786.00  14371.86
4787.00  14368.32
4788.00  14370.50
4789.00  14381.41
4790.00  14384.71
4791.00  14378.88
4792.00  14381.49
4793.00  14392.86
4794.00  14394.60
4795.00  14390.29
4796.00  14401.11
4797.00  14402.94
4798.00  14404.23
4799.00  14406.69
4800.00  14412.32
4801.00  14414.19
4802.00  14413.61
4803.00  14423.79
4804.00  14421.96
4805.00  14429.30
4806.00  14425.74
4807.00  14435.39
4808.00  14434.07
4809.00  14433.60
4810.00  14439.76
4811.00  14439.89
4812.00  14450.67
4813.00  14451.13
4814.00  14447.27
4815.00  14453.17
4816.00  14459.79
4817.00  14461.95
4818.00  14460.92
4819.00  14469.02
4820.00  14466.13
4821.00  14470.25
4822.00  14473.75
4823.00  14483.22
4824.00  14486.83
4825.00  14487.76
4826.00  14485.52
4827.00  14493.42
4828.00  14497.61
4829.00  14498.56
4830.00  14498.09
4831.00  14501.52
4832.00  14510.61
4833.00  14511.56
4834.00  14509.41
4835.00  14512.00
4836.00  14520.81
4837.00  14521.71
4838.00  14528.34
4839.00  14523.97
4840.00  14528.49
4841.00  14529.92
4842.00  14538.91
4843.00  14537.17
4844.00  14545.75
4845.00  14542.51
4846.00  14545.24
4847.00  14548.78
4848.00  14553.22
4849.00  14559.40
4850.00  14561.08
4851.00  14561.71
4852.00  14561.57
4853.00  14573.50
4854.00  14570.30
4855.00  14574.22
4856.00  14579.04
4857.00  14581.04
4858.00  14584.56
4859.00  14587.97
4860.00  14588.32
4861.00  14589.05
4862.00  14593.82
4863.00  14594.13
4864.00  14605.71
4865.00  14600.80
4866.00  14605.00
4867.00  14610.05
4868.00  14613.30
4869.00  14618.85
4870.00  14615.37
4871.00  14619.07
4872.00  14624.83
4873.00  14627.97
4874.00  14629.47
4875.00  14636.86
4876.00  14642.93
4877.00  14642.25
4878.00  14646.12
4879.00  14642.32
4880.00  14652.09
4881.00  14648.15
4882.00  14653.96
4883.00  14656.64
4884.00  14661.41
4885.00  14661.79
4886.00  14672.98
4887.00  14670.97
4888.00  14671.81
4889.00  14679.18
4890.00  14683.63
4891.00  14684.81
4892.00  14689.56
4893.00  14689.90
4894.00  14687.82
4895.00  14695.58
4896.00  14698.06
4897.00  14702.76
4898.00  14700.68
4899.00  14708.21
4900.00  14712.31
4901.00  14712.05
4902.00  14720.65
4903.00  14722.25
4904.00  14721.32
4905.00  14723.17
4906.00  14725.76
4907.00  14730.66
4908.00  14732.89
4909.00  14736.60
4910.00  14738.97
4911.00  14744.73
4912.00  14744.42
4913.00  14748.16
4914.00  14751.60
4915.00  14756.31
4916.00  14762.50
4917.00  14758.51
4918.00  14765.88
4919.00  14769.87
4920.00  14766.95
4921.00  14774.63
4922.00  14775.75
4923.00  14781.63
4924.00  14785.26
4925.00  14788.16
4926.00  14789.73
4927.00  14794.34
4928.00  14797.78
4929.00  14793.37
4930.00  14798.72
4931.00  14802.36
4932.00  14808.53
4933.00  14806.70
4934.00  14808.04
4935.00  14814.32
4936.00  14819.36
4937.00  14825.46
4938.00  14827.91
4939.00  14828.39
4940.00  14828.75
4941.00  14837.11
4942.00  14838.46
4943.00  14837.64
4944.00  14841.17
4945.00  14847.25
4946.00  14845.08
4947.00  14854.24
4948.00  14854.54
4949.00  14860.30
4950.00  14864.77
4951.00  14861.58
4952.00  14868.14
4953.00  14864.59
4954.00  14871.56
4955.00  14871.71
4956.00  14874.51
4957.00  14879.93
4958.00  14882.17
4959.00  14891.99
4960.00  14885.25
4961.00  14897.48
4962.00  14894.15
4963.00  14903.30
4964.00  14897.21
4965.00  14906.81
4966.00  14903.36
4967.00  14910.10
4968.00  14913.17
4969.00  14916.10
4970.00  14921.72
4971.00  14922.49
4972.00  14925.77
4973.00  14931.82
4974.00  14929.71
4975.00  14935.95
4976.00  14938.42
4977.00  14941.67
4978.00  14943.82
4979.00  14950.86
4980.00  14946.27
4981.00  14954.49
4982.00  14959.36
4983.00  14954.68
4984.00  14958.09
4985.00  14965.81
4986.00  14963.04
4987.00  14974.37
4988.00  14975.51
4989.00  14972.53
4990.00  14978.45
4991.00  14985.16
4992.00  14985.50
4993.00  14987.86
4994.00  14993.40
4995.00  14990.77
4996.00  15001.84
4997.00  15000.41
4998.00  15007.37
4999.00  15008.92
